# Position (bp)	A	C	G	T	N
0.0	27.98883438368736	23.47501505730042	20.592217776582096	27.931721582088205	0.01221120034191361
1.0	27.786331978017298	22.662779434557827	21.443122200407423	28.1076391870139	1.272000035616001E-4
2.0	27.07197675801535	23.13361024774109	21.93824821427095	27.85603757996905	1.272000035616001E-4
3.0	26.786158350012435	23.269714251552	21.95656501478382	27.985972383607226	0.0015900000445200012
4.0	26.81566875083872	22.76116863731272	22.19601902148853	28.227016390356457	1.272000035616001E-4
5.0	26.843271151611592	23.14028824792807	22.382239826702715	27.634200773757623	0.0
6.0	26.86947435234528	22.867317040284878	22.35635462597793	27.90685398139191	0.0
7.0	27.005705556159754	23.04482464525509	21.94848781455766	28.000981984027497	0.0
8.0	26.817831150899273	23.152563048271766	21.864027012192757	28.165578788636207	0.0
9.0	26.852938351882273	23.1951750494649	22.040580617136257	27.911305981516566	0.0
10.0	26.921817153810878	23.202552649671475	21.98429461556025	27.891335580957392	0.0
11.0	26.889571952908014	23.229837050435435	22.076705418147753	27.803885578508797	0.0
12.0	27.0393499571018	23.165791848642172	22.05298261748351	27.741875576772518	0.0
13.0	26.95126395463539	23.160640248497927	22.181327421077167	27.706768375789515	0.0
14.0	27.007104756198935	23.218579850120236	22.0407714171416	27.73354397653923	0.0
15.0	26.96881755512689	23.134309847760676	22.161929420534022	27.734815976574843	1.272000035616001E-4
16.0	26.949801154594432	23.166873048672446	22.151753420249097	27.731508776482244	6.360000178080005E-5
17.0	27.025421556711805	23.134182647757115	22.17210542081895	27.668226774710348	6.360000178080005E-5
18.0	27.000744756020858	23.084829046375212	22.22680142235044	27.687115975239244	5.088000142464004E-4
19.0	27.026248356734957	23.128840247607528	22.205877021764557	27.63903437389296	0.0
20.0	27.01893435653016	23.152499448269985	22.230681022459066	27.59788517274078	0.0
21.0	27.070831957983295	23.104799446934386	22.174267820879496	27.650100774202823	0.0
22.0	27.036996757035908	23.133292247732182	22.229854222435918	27.599856772795988	0.0
23.0	27.154338760321483	23.111922647133834	22.254276623119747	27.479461969424936	0.0
24.0	27.08863995848192	23.006219444174146	22.266106223450972	27.63903437389296	0.0
25.0	27.035851957003853	23.061742245728784	22.29606182428973	27.606343972977633	0.0
26.0	27.081071558270004	22.978362643394153	22.314060624793697	27.626505173542142	0.0
27.0	27.17952436102668	22.98256024351169	22.261209023313853	27.57670637214778	0.0
28.0	27.268882363528707	23.003293844092227	22.192266621383467	27.535429970992038	1.272000035616001E-4
29.0	27.192244361382844	23.026571444744	22.230553822455505	27.55063037141765	0.0
30.0	27.25482676313515	22.951587042644437	22.215417022031676	27.578169172188737	0.0
31.0	27.197077961518186	22.97015824316443	22.24200182277605	27.590761972541333	0.0
32.0	27.189382361302705	22.922776241837735	22.251732623048515	27.636108773811046	0.0
33.0	27.216539562063108	22.88099104066775	22.265343023429605	27.63712637383954	0.0
34.0	27.277722763776236	22.835326239389133	22.278063023785766	27.608887973048862	0.0
35.0	27.25902436325268	22.85943064006406	22.246390222898928	27.634773173773645	3.816000106848003E-4
36.0	27.28599076400774	22.88970424091172	22.24270142279564	27.578105572186956	0.0034980000979440025
37.0	27.26589316344501	22.818345038913662	22.286839824031514	27.626314373536804	0.0026076000730128022
38.0	27.322051965017458	22.846329039697213	22.188768621285522	27.642150773980223	6.996000195888005E-4
39.0	27.27079036358213	22.871133040391726	22.18616102121251	27.671279574795825	6.360000178080006E-4
40.0	27.30850516463815	22.86674464026885	22.24187462277249	27.58255757231161	3.180000089040003E-4
41.0	27.272125963619526	22.854342639921594	22.176939020954293	27.69595637548678	6.360000178080006E-4
42.0	27.314229164798416	22.82133423899736	22.17356822085991	27.690168775324725	6.996000195888005E-4
43.0	27.291587564164455	22.792396238187095	22.27291142364152	27.642214373982004	8.904000249312006E-4
44.0	27.285418363991713	22.85383383990735	22.19989862159716	27.659958774478845	8.904000249312006E-4
45.0	27.374267566479492	22.860766240101455	22.131973819695265	27.632801573718446	1.9080000534240016E-4
46.0	27.37801996658456	22.827185439161195	22.15944902046457	27.635345573789678	0.0
47.0	27.337761165457312	22.868398240315152	22.11957181934801	27.674141574875964	1.272000035616001E-4
48.0	27.31829956491239	22.801872638452434	22.1441214200354	27.73570637659978	0.0
49.0	27.30239956446719	22.836280239415846	22.151117420231287	27.71020277588568	0.0
50.0	27.319380764942665	22.855869039964333	22.146283820095945	27.678466374997058	0.0
51.0	27.33578956540211	22.853070639885978	22.181836221091412	27.6293035736205	0.0
52.0	27.356205165973748	22.843403439615294	22.155633020357723	27.644758374053236	0.0
53.0	27.377701966575657	22.74285183679985	22.16396462059101	27.715481576033486	0.0
54.0	27.323769165065535	22.843848639627762	22.179228621018403	27.652899174281174	2.544000071232002E-4
55.0	27.374967166499083	22.75550823715423	22.172359820826077	27.695892775485	0.0012720000356160012
56.0	27.24236116278611	22.894855841055964	22.189086621294425	27.672805974838568	8.904000249312006E-4
57.0	27.310158764684445	22.84995423979872	22.16218382054115	27.67681277495076	8.904000249312006E-4
58.0	27.347682765735115	22.801173038432847	22.208929821850035	27.641196773953506	0.0010176000284928008
59.0	27.33299116532375	22.77942183782381	22.25968262327111	27.62745917356886	4.452000124656003E-4
60.0	27.285163963984594	22.81122183871421	22.245627022877557	27.656842374391587	0.0011448000320544009
61.0	27.26767396349487	22.8659178402457	22.300386624410827	27.564749571812985	0.0012720000356160012
62.0	27.304053164513487	22.804798238534353	22.208802621846473	27.67852997499884	0.003816000106848003
63.0	27.22016476216461	22.89701824111651	22.25383142310728	27.62459717348872	0.004388400122875204
64.0	27.20992516187791	22.895301041068432	22.25300462308413	27.640942373946388	8.268000231504006E-4
65.0	27.26595676344679	22.878447040596516	22.28410502395494	27.571491172001757	0.0
66.0	27.244205562837752	22.896763841109387	22.2521142230592	27.606916372993656	0.0
67.0	27.228432762396114	22.85733184000529	22.30693742459425	27.607297973004343	0.0
68.0	27.20642716177996	22.929963042038963	22.316986224875617	27.54662357130546	0.0
69.0	27.24922996297844	22.88493424077816	22.265979023447414	27.599856772795988	0.0
70.0	27.2029927616838	22.908339041433493	22.371873026412445	27.516667970466703	1.272000035616001E-4
71.0	27.201466361641057	22.868652640322274	22.40112902723161	27.528624770801493	1.272000035616001E-4
72.0	27.17290996084148	22.868970640331177	22.390762226941344	27.567357171886	0.0
73.0	27.210561161895715	22.948089042546492	22.357881026020667	27.48346876953713	0.0
74.0	27.144735160052587	22.864137040195835	22.46383862898748	27.527289170764096	0.0
75.0	27.166677160666964	22.895491841073774	22.44558542847639	27.492245569782874	0.0
76.0	27.152112760259158	22.902615041273222	22.404754227333118	27.540517971134506	0.0
77.0	27.240071562722	22.848809439766665	22.4780214293846	27.43309756812673	0.0
78.0	27.26697436347528	22.873486240457613	22.394451027044628	27.46508836902247	0.0
79.0	27.213041561965163	22.960300242888408	22.475922629325833	27.350735565820592	0.0
80.0	27.308759564645268	22.83488103937667	22.420463427772976	27.435895968205088	0.0
81.0	27.27148996360172	22.840541439535162	22.533226230930335	27.354360765922102	3.816000106848003E-4
82.0	27.300046364401297	22.82788503918078	22.569859831956073	27.30214516446006	6.360000178080005E-5
83.0	27.34558396567635	22.86572704024036	22.48838822967487	27.300237164406642	6.360000178080005E-5
84.0	27.33992356551786	22.808105438626953	22.529919030837732	27.321988365015677	6.360000178080005E-5
85.0	27.366444766260457	22.82604063912914	22.515100230422807	27.2924143641876	0.0
86.0	27.37897396661127	22.70386503570822	22.50912183025541	27.4080391674251	0.0
87.0	27.477808369378636	22.682940635122335	22.520824230583077	27.318426764915948	0.0
88.0	27.442510368390288	22.730322636449035	22.562609431753064	27.26455756340761	0.0
89.0	27.47011276916316	22.62900783361222	22.64668863410728	27.254190763117343	0.0
90.0	27.49701556991644	22.671429034800013	22.52495823069883	27.306597164584723	0.0
91.0	27.85425677991919	22.485462629592952	22.557012631596354	27.103267958891504	0.0
92.0	27.755040777141144	22.52184183061157	22.44145142836064	27.28166596388665	0.0
93.0	27.57104597198929	22.896064241089796	22.253577023100156	27.279312763820755	0.0
94.0	27.26125036331501	22.967487043089637	22.534561830967732	27.23670076262762	0.0
95.0	27.885738780800683	22.742533836790948	22.136425819819923	27.234856362575975	4.452000124656003E-4
96.0	27.65156357424378	22.457542228811185	22.747303836924505	27.14149155996176	0.002098800058766402
97.0	27.355441965952377	22.56305463176553	22.55764863161416	27.523473170657248	3.816000106848003E-4
98.0	27.805602778556874	21.94053781433506	21.973673415262855	28.27961359182918	5.724000160272004E-4
99.0	27.501785570049996	20.96446858700512	22.863946240190494	28.66153160252288	0.008268000231504006
100.0	31.57894736842105	8.771929824561402	28.07017543859649	31.57894736842105	0.0
101.0	42.10526315789473	22.807017543859647	14.035087719298245	21.052631578947366	0.0
102.0	24.561403508771928	17.543859649122805	22.807017543859647	35.08771929824561	0.0
103.0	38.59649122807017	21.052631578947366	14.035087719298245	26.31578947368421	0.0
104.0	35.08771929824561	21.052631578947366	10.526315789473683	33.33333333333333	0.0
105.0	35.08771929824561	21.052631578947366	15.789473684210526	28.07017543859649	0.0
106.0	38.59649122807017	17.543859649122805	10.526315789473683	33.33333333333333	0.0
107.0	42.10526315789473	12.280701754385964	15.789473684210526	29.82456140350877	0.0
108.0	33.33333333333333	22.807017543859647	14.035087719298245	29.82456140350877	0.0
109.0	33.33333333333333	21.052631578947366	22.807017543859647	22.807017543859647	0.0
110.0	31.57894736842105	29.82456140350877	15.789473684210526	22.807017543859647	0.0
111.0	33.33333333333333	22.807017543859647	21.052631578947366	22.807017543859647	0.0
112.0	29.82456140350877	19.298245614035086	12.280701754385964	38.59649122807017	0.0
113.0	38.59649122807017	12.280701754385964	15.789473684210526	33.33333333333333	0.0
114.0	31.57894736842105	22.807017543859647	12.280701754385964	33.33333333333333	0.0
115.0	33.33333333333333	22.807017543859647	17.543859649122805	26.31578947368421	0.0
116.0	29.82456140350877	24.561403508771928	12.280701754385964	33.33333333333333	0.0
117.0	28.07017543859649	26.31578947368421	10.526315789473683	35.08771929824561	0.0
118.0	28.07017543859649	19.298245614035086	15.789473684210526	36.84210526315789	0.0
119.0	35.08771929824561	14.035087719298245	22.807017543859647	28.07017543859649	0.0
120.0	35.08771929824561	17.543859649122805	14.035087719298245	33.33333333333333	0.0
121.0	33.33333333333333	17.543859649122805	14.035087719298245	35.08771929824561	0.0
122.0	33.33333333333333	21.052631578947366	15.789473684210526	29.82456140350877	0.0
123.0	29.82456140350877	24.561403508771928	14.035087719298245	31.57894736842105	0.0
124.0	33.33333333333333	22.807017543859647	15.789473684210526	28.07017543859649	0.0
125.0	19.298245614035086	29.82456140350877	15.789473684210526	35.08771929824561	0.0
126.0	28.07017543859649	22.807017543859647	22.807017543859647	26.31578947368421	0.0
127.0	29.82456140350877	12.280701754385964	12.280701754385964	45.614035087719294	0.0
128.0	29.82456140350877	21.052631578947366	14.035087719298245	35.08771929824561	0.0
129.0	33.33333333333333	14.035087719298245	19.298245614035086	33.33333333333333	0.0
130.0	33.33333333333333	19.298245614035086	14.035087719298245	33.33333333333333	0.0
131.0	29.82456140350877	22.807017543859647	21.052631578947366	26.31578947368421	0.0
132.0	35.08771929824561	17.543859649122805	15.789473684210526	31.57894736842105	0.0
133.0	26.31578947368421	26.31578947368421	14.035087719298245	33.33333333333333	0.0
134.0	29.82456140350877	22.807017543859647	14.035087719298245	33.33333333333333	0.0
135.0	47.368421052631575	15.789473684210526	14.035087719298245	22.807017543859647	0.0
136.0	38.59649122807017	17.543859649122805	15.789473684210526	28.07017543859649	0.0
137.0	29.82456140350877	17.543859649122805	21.052631578947366	31.57894736842105	0.0
138.0	35.08771929824561	7.017543859649122	10.526315789473683	47.368421052631575	0.0
139.0	28.07017543859649	28.07017543859649	22.807017543859647	21.052631578947366	0.0
140.0	28.07017543859649	21.052631578947366	22.807017543859647	28.07017543859649	0.0
141.0	33.33333333333333	24.561403508771928	19.298245614035086	22.807017543859647	0.0
142.0	35.08771929824561	22.807017543859647	15.789473684210526	26.31578947368421	0.0
143.0	24.561403508771928	22.807017543859647	8.771929824561402	43.859649122807014	0.0
144.0	35.08771929824561	21.052631578947366	7.017543859649122	36.84210526315789	0.0
145.0	33.33333333333333	14.035087719298245	15.789473684210526	36.84210526315789	0.0
146.0	36.84210526315789	24.561403508771928	10.526315789473683	28.07017543859649	0.0
