# Position (bp)	A	C	G	T	N
0.0	25.4625786266301	26.33137131973889	24.751737436823856	23.431790562724515	0.02252205408264227
1.0	24.880808416949183	24.80331828891814	25.786147451115554	24.523248524032933	0.006477318984189993
2.0	23.961504520752676	25.47612751404657	25.852049714908826	24.701761058239416	0.008557192052507882
3.0	23.983075775718373	25.475533264598482	25.98920248752819	24.541491982089322	0.010696490065634851
4.0	23.96530771722046	25.38009680323509	26.166288823059258	24.478976940150165	0.009329716335025953
5.0	23.72148716866879	26.240510579125797	26.075606357280595	23.96197992031115	4.159746136635776E-4
6.0	23.718694196262767	25.88289126126474	25.964125160818757	24.433279157591983	0.0010102240617544027
7.0	23.67561111127618	26.19784346875288	25.56437355708806	24.56169646332441	4.753995584726601E-4
8.0	23.501793147709616	26.262378958815543	25.74336149085302	24.492050428008167	4.159746136635776E-4
9.0	23.688506324299752	26.128851107829533	25.874334069212235	24.30260370395681	0.00570479470167192
10.0	23.676383635558697	26.085827447787757	25.81550337385124	24.414797999756356	0.007487543045944396
11.0	23.57512352960402	26.24306585175259	25.910583285545773	24.26368036510686	0.007546967990753479
12.0	23.693319744829285	26.186849853963196	25.795298892616152	24.314132143249772	0.01039936534158944
13.0	23.70550185851515	26.067227440062513	25.882594136540693	24.334039499760816	0.010637065120825769
14.0	23.560623843070605	26.23997575462252	25.96400631092914	24.224400476588055	0.010993614789680264
15.0	23.674838586993662	26.111439599000473	25.872254196143917	24.32655195671487	0.01491566114707971
16.0	23.658972126729637	26.158147605620414	25.84949444228204	24.31347846885687	0.01990735651104264
17.0	23.62902195454586	26.198556568090588	25.968106632120964	24.1814956664359	0.02281917880668768
18.0	23.63169607706227	26.152026836305076	25.958182666337848	24.239197287845517	0.018897132449288236
19.0	23.685119102445633	26.150125238071187	25.896796698350066	24.256846496453814	0.011112464679298429
20.0	23.620761887217398	26.18887030208671	25.9781494477937	24.20996021499945	0.002258147902745135
21.0	23.751734465576614	26.069604437854878	25.96121333852311	24.216140409259594	0.0013073487857998153
22.0	23.70270888610912	26.09753416191515	25.973395452208976	24.22368737725035	0.002674122516408713
23.0	23.660517175294675	26.13009903167052	26.094028090171413	24.113810654298355	0.001545048565036145
24.0	23.808009888310817	26.061522645360842	25.93221396545628	24.19759982647916	6.536743928999076E-4
25.0	23.8354047878678	25.95152707251923	25.992827409161546	24.220181305506614	5.942494480908251E-5
26.0	23.742761298910445	26.064672167435727	26.073169934543422	24.11939659911041	0.0
27.0	23.83326548985468	26.014933488630522	25.917476579143628	24.234265017426367	5.942494480908251E-5
28.0	23.776990067120476	26.01000121821137	26.031453623287447	24.17834614436102	0.0032089470196904556
29.0	23.758924883898512	26.109953975380247	26.046963533882618	24.082731408163205	0.00142619867541798
30.0	23.85388594570343	25.964184585763565	25.96828490695539	24.21073273928197	0.002911822295645043
31.0	23.813179858509205	25.983973092384993	25.974227401436302	24.228619647669504	0.0
32.0	23.75797408478157	26.06883191357236	26.116015319750773	24.0571786818953	0.0
33.0	23.934347320974926	25.96828490695539	25.967393532783255	24.129974239286426	0.0
34.0	23.90944826909992	25.964659985322037	25.954082345146023	24.17121515098393	5.942494480908251E-4
35.0	23.824054623409268	25.997521979801462	26.07150603608877	24.10644196114203	4.753995584726601E-4
36.0	23.982838075939135	25.867024801000717	25.963471486425853	24.186427936855054	2.3769977923633005E-4
37.0	23.82975941811094	25.90392769172716	25.980942420199725	24.28311232205943	0.002258147902745135
38.0	23.799452696258307	25.990034436755515	26.116312444474815	24.093487323173647	7.1309933770899E-4
39.0	23.894948582566503	25.89459797539213	26.02408493013112	24.18387266422826	0.0024958476819814655
40.0	23.927156902653028	25.862449080250414	25.984151367219415	24.224341051643247	0.0019015982338906404
41.0	23.822390724954616	25.90107529437632	26.093612115557747	24.182624740387272	2.9712472404541256E-4
42.0	23.99026619404027	25.850385816454175	25.98308171821285	24.170739751425455	0.005526519867244673
43.0	23.87052493024997	25.901788393714032	26.041318164125755	24.178583844140256	0.007784667769989808
44.0	23.85335112120015	25.95336924580831	26.077151405845633	24.11262215540217	0.003506071743735868
45.0	23.964654042827558	25.825665039413593	26.054094527259707	24.154695016327004	8.913741721362377E-4
46.0	23.975469382782812	25.90392769172716	25.927400544926744	24.191538482108633	0.0016638984546543103
47.0	23.96726874039916	25.889130880469697	26.045299635427966	24.097706494255096	5.942494480908251E-4
48.0	23.970774812142892	25.81360177561735	26.0867782469047	24.12700299204597	0.0018421732890815576
49.0	23.927275752542645	25.846107220427918	26.090403168538057	24.135084784540005	0.0011290739513725675
50.0	23.933277671968362	25.913495107841417	26.04886513211651	24.104064963349664	2.9712472404541256E-4
51.0	23.990028494261036	25.813126376058875	26.027472151985236	24.168184478798665	0.0011884988961816502
52.0	24.00227003289171	25.817226697250707	26.000730926821152	24.178702694029873	0.0010696490065634852
53.0	23.839802233783676	25.871541096806205	26.164030675156507	24.124328869529563	2.9712472404541256E-4
54.0	23.960791421414967	25.866549401442246	26.0285418009918	24.142750602420378	0.0013667737306088978
55.0	24.004528180794452	25.79131742131395	26.0344248705279	24.168957003081186	7.725242825180725E-4
56.0	23.896137081462683	25.829646510715804	26.18875145219709	24.082790833108014	0.002674122516408713
57.0	24.041668771300127	25.80023116303531	26.083985274498676	24.06757804723689	0.006536743928999077
58.0	23.96917033863305	25.840699550450292	26.07923127891395	24.106739085866074	0.004159746136635776
59.0	23.903921749232676	25.850742366123026	26.174311190608478	24.07096526909101	5.942494480908251E-5
60.0	23.95229365430727	25.850742366123026	26.08553032306371	24.109888607940956	0.001545048565036145
61.0	23.923829105743717	25.80783755597087	26.102525857279108	24.163727607937986	0.002079873068317888
62.0	23.89269043466376	25.891091903648395	26.15767220606194	24.058188905957053	3.56549668854495E-4
63.0	24.090456650988383	25.758752551558565	26.04018909017438	24.107987009707067	0.0026146975715996305
64.0	23.967684715012822	25.83321200740435	26.128019158602207	24.070846419201388	2.3769977923633005E-4
65.0	23.93773454282904	25.873620969874523	26.15422555926301	24.034181228254184	2.3769977923633005E-4
66.0	24.06080360352865	25.8616765559679	26.046547559268955	24.030021482117547	9.507991169453202E-4
67.0	23.962336469980002	25.82578388930321	26.1633175758188	24.048562064897983	0.0
68.0	23.98081762781563	25.855436936762942	26.154047284428582	24.009698150992843	0.0
69.0	24.006964603531625	25.84682031976563	26.120412765666646	24.025802311036102	0.0
70.0	23.934287896030114	25.854486137646	26.170151444471845	24.03762787505311	0.0034466467989267852
71.0	23.882707043935834	25.89269637715824	26.188216627693805	24.034537777923042	0.0018421732890815576
72.0	24.012075148785208	25.84723629437929	26.17110224358879	23.965545416999696	0.004040896247017611
73.0	23.96982401302595	25.780739781137928	26.185185955508544	24.063656000879487	5.942494480908251E-4
74.0	23.961445095807868	25.929836967663917	26.231359137625198	23.87718052406859	1.782748344272475E-4
75.0	23.962277045035194	25.796903366126	26.22101919722842	24.019800391610385	0.0
76.0	23.927335177487453	25.843135973187465	26.242233902525264	23.986760122296534	5.348245032817426E-4
77.0	23.890729411485058	25.890854203869157	26.294706128791685	23.92258118190273	0.0011290739513725675
78.0	24.006429779028345	25.85181201512959	26.235162334092983	23.904575423625577	0.0020204481235088054
79.0	23.968992063798623	25.775094411381065	26.295656927908627	23.95930579779474	9.507991169453202E-4
80.0	23.879854646584995	25.87379924470895	26.397808408035438	23.846992652105577	0.001545048565036145
81.0	24.122962095798954	25.79868611447027	26.188454327473043	23.87961694680576	0.010280515451971273
82.0	24.026455985429003	25.783651603433572	26.32144735395577	23.849547924732363	0.018897132449288236
83.0	23.91854028565571	25.849019042723565	26.404464001854056	23.804919791180744	0.023056878585924014
84.0	24.158319937960357	25.72814870498189	26.267667778903554	23.82649104614644	0.019372532007760897
85.0	24.082137158715113	25.771231789968475	26.330777070290797	23.8013542944922	0.014499686533416134
86.0	24.062883476596973	25.8125915515556	26.352883149759776	23.760885907077213	0.010755915010443933
87.0	24.11553397769782	25.81372062550697	26.2411642535187	23.819181777934922	0.01039936534158944
88.0	24.107868159817446	25.739142319771567	26.22690226676452	23.91539076358083	0.010696490065634851
89.0	24.062408077038498	25.738191520654624	26.35561669722099	23.836474436874365	0.007309268211517148
90.0	24.137342932442753	25.731892476504864	26.246512498551517	23.876586274620497	0.007665817880371643
91.0	24.091229175270904	25.74371804052187	26.288585359476347	23.870643780139588	0.005823644591290086
92.0	24.258748094687707	25.61405281094845	26.42888765417059	23.697538915910734	7.725242825180725E-4
93.0	24.363098297772456	25.430429731488385	26.3661349124522	23.840039933562913	2.9712472404541256E-4
94.0	24.19569822824527	25.887942381573513	25.988727087969714	23.92620610353608	0.00142619867541798
95.0	23.757676960057523	25.89911427119762	26.435721522823634	23.907011846362746	4.753995584726601E-4
96.0	24.332019051637303	25.90428424139601	25.587727560398026	24.1664611553992	0.009507991169453202
97.0	24.229808146565684	25.904759640954484	25.709726972091072	24.14590012449526	0.009805115893498615
98.0	24.497160973261746	25.757445202772765	25.650718001895655	24.08635632979656	0.008319492273271552
99.0	24.356502128898647	25.637644514037657	24.95295029994741	25.04666343791133	0.0062396192049536635
100.0	23.223565556113492	24.626172528442265	26.432809700527994	25.69493016083361	0.02252205408264227
101.0	0.0	55.55555555555556	27.77777777777778	16.666666666666664	0.0
102.0	22.22222222222222	25.0	41.66666666666667	11.11111111111111	0.0
103.0	11.11111111111111	30.555555555555557	50.0	8.333333333333332	0.0
104.0	2.7777777777777777	33.33333333333333	63.888888888888886	0.0	0.0
105.0	5.555555555555555	52.77777777777778	30.555555555555557	11.11111111111111	0.0
106.0	16.666666666666664	30.555555555555557	36.11111111111111	16.666666666666664	0.0
107.0	16.666666666666664	44.44444444444444	27.77777777777778	11.11111111111111	0.0
108.0	16.666666666666664	38.88888888888889	27.77777777777778	16.666666666666664	0.0
109.0	5.555555555555555	50.0	25.0	19.444444444444446	0.0
110.0	16.666666666666664	33.33333333333333	41.66666666666667	8.333333333333332	0.0
111.0	13.88888888888889	38.88888888888889	38.88888888888889	8.333333333333332	0.0
112.0	8.333333333333332	38.88888888888889	38.88888888888889	13.88888888888889	0.0
113.0	5.555555555555555	44.44444444444444	33.33333333333333	16.666666666666664	0.0
114.0	16.666666666666664	33.33333333333333	38.88888888888889	11.11111111111111	0.0
115.0	19.444444444444446	36.11111111111111	41.66666666666667	2.7777777777777777	0.0
116.0	11.11111111111111	50.0	33.33333333333333	5.555555555555555	0.0
117.0	11.11111111111111	36.11111111111111	41.66666666666667	11.11111111111111	0.0
118.0	5.555555555555555	38.88888888888889	44.44444444444444	11.11111111111111	0.0
119.0	13.88888888888889	44.44444444444444	36.11111111111111	5.555555555555555	0.0
120.0	11.11111111111111	50.0	27.77777777777778	11.11111111111111	0.0
121.0	11.11111111111111	47.22222222222222	27.77777777777778	13.88888888888889	0.0
122.0	11.11111111111111	30.555555555555557	47.22222222222222	11.11111111111111	0.0
123.0	19.444444444444446	36.11111111111111	36.11111111111111	8.333333333333332	0.0
124.0	8.333333333333332	36.11111111111111	47.22222222222222	8.333333333333332	0.0
125.0	5.555555555555555	33.33333333333333	38.88888888888889	22.22222222222222	0.0
126.0	5.555555555555555	52.77777777777778	30.555555555555557	11.11111111111111	0.0
127.0	11.11111111111111	38.88888888888889	33.33333333333333	16.666666666666664	0.0
128.0	22.22222222222222	27.77777777777778	44.44444444444444	5.555555555555555	0.0
129.0	13.88888888888889	44.44444444444444	33.33333333333333	8.333333333333332	0.0
130.0	16.666666666666664	38.88888888888889	41.66666666666667	2.7777777777777777	0.0
131.0	8.333333333333332	52.77777777777778	27.77777777777778	11.11111111111111	0.0
132.0	16.666666666666664	47.22222222222222	27.77777777777778	8.333333333333332	0.0
133.0	5.555555555555555	50.0	25.0	19.444444444444446	0.0
134.0	11.11111111111111	33.33333333333333	44.44444444444444	11.11111111111111	0.0
135.0	11.11111111111111	38.88888888888889	36.11111111111111	13.88888888888889	0.0
136.0	19.444444444444446	38.88888888888889	33.33333333333333	8.333333333333332	0.0
137.0	19.444444444444446	25.0	47.22222222222222	8.333333333333332	0.0
138.0	5.555555555555555	38.88888888888889	44.44444444444444	11.11111111111111	0.0
139.0	11.11111111111111	47.22222222222222	33.33333333333333	8.333333333333332	0.0
140.0	8.333333333333332	33.33333333333333	50.0	8.333333333333332	0.0
141.0	16.666666666666664	41.66666666666667	36.11111111111111	5.555555555555555	0.0
142.0	13.88888888888889	30.555555555555557	41.66666666666667	13.88888888888889	0.0
143.0	5.555555555555555	47.22222222222222	30.555555555555557	16.666666666666664	0.0
144.0	11.11111111111111	33.33333333333333	41.66666666666667	13.88888888888889	0.0
145.0	11.11111111111111	38.88888888888889	36.11111111111111	13.88888888888889	0.0
146.0	8.333333333333332	50.0	22.22222222222222	19.444444444444446	0.0
