# Position (bp)	A	C	G	T	N
0.0	25.46257119222614	26.331437251005486	24.751421467486903	23.43204767383264	0.022522415448831924
1.0	24.88168303652078	24.802884295399007	25.785550949388153	24.523404295779336	0.006477422912724749
2.0	23.961829557015584	25.47612029703441	25.851216566989628	24.702276249607788	0.008557329352590494
3.0	23.98268804731252	25.475942019339566	25.988728095613894	24.54194517604328	0.010696661690738117
4.0	23.965573388607343	25.380385174902305	26.1654607171042	24.4792508533559	0.009329866030254912
5.0	23.721808353855074	26.240515626634213	26.074836222224334	23.962423815998402	4.15981287973149E-4
6.0	23.718658781246138	25.882652867180738	25.963650366538943	24.43402774476339	0.0010102402707919333
7.0	23.675337301398645	26.197907257566104	25.56413005238987	24.562149981459118	4.7540718625502747E-4
8.0	23.502110807906973	26.261908950015687	25.743358561608016	24.492205699181348	4.15981287973149E-4
9.0	23.688470424918943	26.12885436376256	25.873679556540175	24.303290768543256	0.005704886235060329
10.0	23.67694180065226	26.085651735711636	25.815026194935964	24.414892605516624	0.007487663183516682
11.0	23.57544236638681	26.243249217955178	25.910226483983536	24.26353484259268	0.00754708908179856
12.0	23.693343348578058	26.187151169977085	25.794999667214967	24.314106282030558	0.010399532199328725
13.0	23.70582278721725	26.066278892871747	25.88289057077387	24.33437051334468	0.01063723579245624
14.0	23.56058589181634	26.23944596046514	25.96430405142004	24.224670305116334	0.01099379118214751
15.0	23.675040171907238	26.111561427362535	25.871480798303747	24.327001701957727	0.014915900468751487
16.0	23.659054605269414	26.15785420212412	25.849314938244603	24.313868578437432	0.019907675924429272
17.0	23.629044526637063	26.198382664752362	25.967691327622113	24.182061936048225	0.022819544940241316
18.0	23.631896969754596	26.151673908702804	25.95818318389701	24.239348501991955	0.01889743565363734
19.0	23.684667167428902	26.1503665389406	25.896558527378698	24.257295123273085	0.011112642978711266
20.0	23.620843752674165	26.18929050231523	25.977674878533463	24.209932682342426	0.0022581841347113804
21.0	23.751759006589143	26.06907191009099	25.961332756505946	24.216528957051715	0.0013073697622013253
22.0	23.702732640506593	26.097002082283478	25.97375276924686	24.223838342540386	0.0026741654226845294
23.0	23.66077795631959	26.129270345050536	26.0939713614711	24.114435263803447	0.001545073355328839
24.0	23.808510739448337	26.06098998792466	25.93191693685642	24.197928650889487	6.536848811006627E-4
25.0	23.835608949064873	25.951765186882565	25.992590779002217	24.219975659152063	5.9425898281878434E-5
26.0	23.742666844152016	26.064555541821573	26.072578038089624	24.12019957593679	0.0
27.0	23.8332319131336	26.014281231875103	25.917535869472204	24.234891559620817	5.9425898281878434E-5
28.0	23.777312142850352	26.00923003052114	26.031752445969975	24.178496382151312	0.0032089985072214357
29.0	23.759008966179533	26.109659798617518	26.04678719823529	24.083117815408897	0.0014262215587650822
30.0	23.853733848040847	25.964125773725193	25.968285586604928	24.210942922613217	0.002911869015812043
31.0	23.81362136670058	25.983974023751344	25.97381219514514	24.228592414402936	0.0
32.0	23.757879874112177	26.06794281802364	26.11685033230962	24.057326975554563	0.0
33.0	23.934731347399048	25.96775075352039	25.967572475825545	24.129945423255016	0.0
34.0	23.909534766527532	25.96466060680973	25.953845093322432	24.171365274357488	5.942589828187843E-4
35.0	23.823545491713652	25.997582554457892	26.071686649615394	24.106709897026803	4.7540718625502747E-4
36.0	23.983044602702215	25.866607874644632	25.96341266294581	24.186697156114214	2.3770359312751374E-4
37.0	23.82990406282981	25.90357078337596	25.98070559934584	24.283561370313674	0.0022581841347113804
38.0	23.799180873418084	25.989916613579535	26.116790906411342	24.093398495811662	7.131107793825411E-4
39.0	23.894856569651907	25.8945974727354	26.02408650509161	24.183963564793245	0.002495887727838894
40.0	23.926827702927557	25.862210358171772	25.98421172734447	24.22484858281118	0.0019016287450201099
41.0	23.822654103239422	25.90089661795328	26.093139398895154	24.183012750420733	2.9712949140939216E-4
42.0	23.990235136394322	25.850028049023987	25.983201487073675	24.171008718967794	0.005526608540214694
43.0	23.870551377254618	25.90125317334297	26.041676570983046	24.17873408574444	0.007784792674926074
44.0	23.853971551633972	25.95313198254305	26.076737850969355	24.11265248685499	0.0035061279986308277
45.0	23.964682000133113	25.825128597643882	26.054096583723958	24.155201430024817	8.913884742281764E-4
46.0	23.97561636541698	25.903511357477683	25.927341142688714	24.191867209264736	0.001663925151892596
47.0	23.96765329504721	25.889130290093465	26.044826143591987	24.097796012284523	5.942589828187843E-4
48.0	23.97056516406302	25.81365939927548	26.086305420592737	24.127627813222023	0.0018422028467382312
49.0	23.92748138780866	25.84634364333051	26.089454993201677	24.135590883591796	0.0011290920673556902
50.0	23.93330512584028	25.91337605659247	26.04880767877687	24.104214009298964	2.9712949140939216E-4
51.0	23.99017571049604	25.812886862597818	26.027652058988526	24.168096849951983	0.0011885179656375686
52.0	24.002298593745543	25.81775978625693	26.000375571677143	24.178496382151312	0.0010696661690738117
53.0	23.840481872723988	25.871064817015778	26.163796791952308	24.124359388816522	2.9712949140939216E-4
54.0	23.961532427524173	25.865954189763535	26.028186892073062	24.14295969497875	0.0013667956604832038
55.0	24.0047350555751	25.790661576640396	26.034604889087504	24.16922594201934	7.725366776644195E-4
56.0	23.896045087617544	25.829347836421896	26.18857739153585	24.083355519002026	0.0026741654226845294
57.0	24.042232797390966	25.79999144267065	26.083215273882082	24.0680236372453	0.006536848811006627
58.0	23.969436071995666	25.839747368621225	26.079293164595473	24.107363581907904	0.00415981287973149
59.0	23.90371102849591	25.850325178515398	26.174850009032735	24.071054358057676	5.9425898281878434E-5
60.0	23.952380839188763	25.85074115980337	26.085295180321943	24.11003774733059	0.001545073355328839
61.0	23.924094111606593	25.807241402261038	26.102885246213383	24.163699333479123	0.002079906439865745
62.0	23.892598385517193	25.890734789347075	26.15832960931038	24.057980660435664	3.5655538969127056E-4
63.0	24.090962033982105	25.758215036178488	26.03983436813631	24.1083738221787	0.0026147395244026507
64.0	23.967831572742053	25.832972816217094	26.1280818270849	24.07087608036283	2.3770359312751374E-4
65.0	23.93764321641486	25.873917260133304	26.154169796430644	24.034032023428068	2.3770359312751374E-4
66.0	24.061546214332576	25.861259543799264	26.046014661557628	24.030228765938023	9.508143725100549E-4
67.0	23.962720945489814	25.824890894050757	26.163677940155743	24.04871022030369	0.0
68.0	23.981440103448605	25.855257528072794	26.153634963346107	24.009667405132497	0.0
69.0	24.007112091506375	25.846521921025357	26.120237608511694	24.026128378956578	0.0
70.0	23.934315366111075	25.85418786190372	26.170036511271906	24.038013558612953	0.003446702100348949
71.0	23.88326851948694	25.89239871449897	26.18768600306162	24.03480456010573	0.0018422028467382312
72.0	24.01198501516549	25.846937902313332	26.17110617744098	23.965929943997033	0.004040961083167733
73.0	23.969911479181917	25.780796877525603	26.18501183763894	24.063685546670722	5.942589828187843E-4
74.0	23.961948408812148	25.929718178619986	26.231126334705674	23.877028800167345	1.7827769484563528E-4
75.0	23.96236439010012	25.79600990748576	26.22126163559088	24.020364066823234	0.0
76.0	23.92754081370694	25.842778089433597	26.24229840358267	23.986847860192253	5.348330845369059E-4
77.0	23.891053312161866	25.89091306704192	26.29417721278275	23.92272731594611	0.0011290920673556902
78.0	24.00598299943902	25.85151369648104	26.235345573483688	23.905137250054672	0.0020204805415838666
79.0	23.969198368402537	25.77467601000257	26.295484582544947	23.959690224677434	9.508143725100549E-4
80.0	23.879465261996902	25.873263575252203	26.398172534776037	23.847553554619534	0.001545073355328839
81.0	24.122933167257756	25.798327517518754	26.188696243332416	23.87976239148831	0.010280680402764968
82.0	24.026900915634243	25.783530468846568	26.321453700094132	23.849217479771422	0.01889743565363734
83.0	23.91874578076122	25.84866125336351	26.404649957688758	23.804885759653143	0.02305724853336883
84.0	24.15876698392173	25.72802667985129	26.267257280861056	23.826576212526028	0.01937284283989237
85.0	24.08258298232436	25.77105103020737	26.33042701073469	23.801439057552795	0.014499919180778337
86.0	24.06303186178962	25.812233177716713	26.35265229669212	23.761326576212525	0.010756087589019997
87.0	24.115861485362213	25.812946288496097	26.24116931151531	23.81962338242705	0.010399532199328725
88.0	24.10789841499244	25.738961045135156	26.22684767002938	23.91559620815228	0.010696661690738117
89.0	24.062497028705085	25.737772527169522	26.35586129519934	23.836559763437386	0.007309385488671047
90.0	24.137492512336816	25.731770511443052	26.246517642360683	23.876553392981087	0.007665940878362317
91.0	24.091259163473516	25.743596265201145	26.28817519705628	23.871145636237436	0.005823738031624086
92.0	24.25943445561123	25.613750677455236	26.42842031700151	23.697622013254353	7.725366776644195E-4
93.0	24.363429777604516	25.42988694817111	26.36578542021241	23.840600724520552	2.9712949140939216E-4
94.0	24.195373337263366	25.887585216738135	25.989144076901866	23.926471147537868	0.0014262215587650822
95.0	23.758177003603585	25.899113841004823	26.43555142479534	23.90668232341	4.7540718625502747E-4
96.0	24.332409458701378	25.90446217185019	25.58742500451637	24.166195221206962	0.00950814372510055
97.0	24.230256339554828	25.905056430833007	25.708713262909683	24.14616869348597	0.009805273216509942
98.0	24.497435178230155	25.757442499500822	25.65011932720375	24.08668336930581	0.00831962575946298
99.0	24.35647694750554	25.63740218497143	24.95287526266247	25.04700588554097	0.006239719319597235
100.0	23.223997603947783	24.62609224801042	26.43246127808468	25.694926454508288	0.022522415448831924
101.0	16.666666666666664	29.166666666666668	41.66666666666667	12.5	0.0
102.0	18.75	22.916666666666664	43.75	14.583333333333334	0.0
103.0	29.166666666666668	33.33333333333333	25.0	12.5	0.0
104.0	16.666666666666664	29.166666666666668	43.75	10.416666666666668	0.0
105.0	18.75	25.0	41.66666666666667	14.583333333333334	0.0
106.0	12.5	37.5	35.41666666666667	14.583333333333334	0.0
107.0	6.25	37.5	37.5	18.75	0.0
108.0	12.5	35.41666666666667	33.33333333333333	18.75	0.0
109.0	14.583333333333334	33.33333333333333	41.66666666666667	10.416666666666668	0.0
110.0	18.75	27.083333333333332	37.5	16.666666666666664	0.0
111.0	25.0	39.58333333333333	16.666666666666664	18.75	0.0
112.0	18.75	39.58333333333333	29.166666666666668	12.5	0.0
113.0	41.66666666666667	20.833333333333336	33.33333333333333	4.166666666666666	0.0
114.0	31.25	35.41666666666667	25.0	8.333333333333332	0.0
115.0	22.916666666666664	33.33333333333333	35.41666666666667	8.333333333333332	0.0
116.0	29.166666666666668	45.83333333333333	16.666666666666664	8.333333333333332	0.0
117.0	20.833333333333336	39.58333333333333	22.916666666666664	16.666666666666664	0.0
118.0	18.75	37.5	31.25	12.5	0.0
119.0	18.75	43.75	25.0	12.5	0.0
120.0	20.833333333333336	41.66666666666667	22.916666666666664	14.583333333333334	0.0
121.0	20.833333333333336	35.41666666666667	20.833333333333336	22.916666666666664	0.0
122.0	18.75	39.58333333333333	31.25	10.416666666666668	0.0
123.0	25.0	22.916666666666664	41.66666666666667	10.416666666666668	0.0
124.0	22.916666666666664	35.41666666666667	27.083333333333332	14.583333333333334	0.0
125.0	35.41666666666667	31.25	18.75	14.583333333333334	0.0
126.0	22.916666666666664	29.166666666666668	37.5	10.416666666666668	0.0
127.0	29.166666666666668	25.0	25.0	20.833333333333336	0.0
128.0	22.916666666666664	27.083333333333332	41.66666666666667	8.333333333333332	0.0
129.0	14.583333333333334	41.66666666666667	31.25	12.5	0.0
130.0	27.083333333333332	37.5	25.0	10.416666666666668	0.0
131.0	18.75	35.41666666666667	33.33333333333333	12.5	0.0
132.0	20.833333333333336	35.41666666666667	22.916666666666664	20.833333333333336	0.0
133.0	20.833333333333336	25.0	45.83333333333333	8.333333333333332	0.0
134.0	22.916666666666664	20.833333333333336	35.41666666666667	20.833333333333336	0.0
135.0	22.916666666666664	25.0	41.66666666666667	10.416666666666668	0.0
136.0	16.666666666666664	33.33333333333333	35.41666666666667	14.583333333333334	0.0
137.0	18.75	39.58333333333333	29.166666666666668	12.5	0.0
138.0	20.833333333333336	20.833333333333336	41.66666666666667	16.666666666666664	0.0
139.0	18.75	29.166666666666668	37.5	14.583333333333334	0.0
140.0	14.583333333333334	39.58333333333333	27.083333333333332	18.75	0.0
141.0	18.75	47.91666666666667	22.916666666666664	10.416666666666668	0.0
142.0	14.583333333333334	52.083333333333336	22.916666666666664	10.416666666666668	0.0
143.0	27.083333333333332	39.58333333333333	25.0	8.333333333333332	0.0
144.0	18.75	27.083333333333332	37.5	16.666666666666664	0.0
145.0	18.75	29.166666666666668	33.33333333333333	18.75	0.0
146.0	18.75	33.33333333333333	33.33333333333333	14.583333333333334	0.0
