# Position (bp)	A	C	G	T	N
0.0	23.579716242909317	26.798010747007872	28.218773343416764	21.379650379333416	0.023849287332630212
1.0	28.490198004692008	22.548512601506214	25.69136674334274	23.26362050717425	0.006302143284788295
2.0	24.62006417064721	23.484628022171187	26.10804962876051	25.779411392174346	0.00784678624674621
3.0	23.461890877771165	24.406347370430716	27.941602610323034	24.180335212237033	0.009823929238052342
4.0	23.499271237450547	25.77218246311238	25.534492804126295	25.184847423257505	0.009206072053269175
5.0	23.255341220898153	27.891803321229514	24.742955964700585	24.109034493113054	8.650000586964326E-4
6.0	23.489076593901626	26.40981107780861	25.073262415685665	25.02611991248671	0.0017300001173928652
7.0	24.002886628767307	25.77959674932978	24.730042749538615	25.48728851520886	1.8535715543494983E-4
8.0	23.380519086535223	26.343576787599854	25.364520292592445	24.910518833213775	8.650000586964326E-4
9.0	23.755249469106214	25.908481758075546	25.546849947821958	24.783549181740838	0.005869643255440078
10.0	23.93047376671072	25.752040318888454	25.531465303920857	24.77866810998105	0.007352500498919677
11.0	23.733130181890978	26.02599819462131	25.816235680387422	24.416850942572026	0.007785000528267892
12.0	23.995966628297737	25.801407107952624	25.65849674111228	24.533069879029743	0.011059643607618673
13.0	23.95290198251835	25.871286755551605	25.555376376971967	24.610178455690683	0.010256429267400557
14.0	23.820495187819315	25.97867033426692	25.722259602581904	24.46739166028729	0.011183215044575307
15.0	24.000785914339044	25.996341049751713	25.469617799724066	24.517932378002556	0.015322858182622518
16.0	23.871283048408493	25.877218184525518	25.46053529910775	24.77100668088974	0.019956787068496264
17.0	23.825005545268233	26.14376177404098	25.678886028210123	24.328373793711076	0.023972858769586845
18.0	23.9672980549238	25.972429976700607	25.498842444564307	24.541781665335186	0.019647858476104684
19.0	23.947897339321607	25.77465389185151	25.453615298638184	24.81240311227021	0.011430357918488572
20.0	23.85299447573891	26.041568195677844	25.737582460764525	24.366310224856765	0.0015446429619579154
21.0	24.087718420238037	25.92281604476252	25.550804233804573	24.437858086854654	8.032143402181161E-4
22.0	24.08975734894782	25.798935679213493	25.531959589668684	24.57786452492652	0.0014828572434795986
23.0	23.8094355442117	26.079628198260487	25.882284613440742	24.22704521540664	0.0016064286804362321
24.0	24.07251913349237	25.88592997083096	25.468320299636023	24.572242024544995	9.885714956530658E-4
25.0	24.043047345778213	25.78256246381674	25.56958709222198	24.60474131246459	6.178571847831661E-5
26.0	23.80931197277474	25.91725533009947	25.868135683909205	24.405173441779628	1.2357143695663323E-4
27.0	24.04236770287495	25.75426460475367	25.646633883164444	24.55617773774063	5.560714663048494E-4
28.0	24.082713777041292	25.718490673754722	25.526954946471943	24.668071673904862	0.0037689288271773136
29.0	23.890683764010685	25.980153191510396	25.81079853716133	24.316696292918678	0.0016682143989145484
30.0	24.225129858133812	25.66918567040903	25.69216995768296	24.409930942102456	0.0035835716717423634
31.0	24.18484556968595	25.523803874829547	25.708666744516673	24.582683810967833	0.0
32.0	23.8402048320139	25.942402117520142	25.954388546904937	24.26300450356102	0.0
33.0	24.21598557179902	25.77434496325912	25.58287102169482	24.426798443247037	0.0
34.0	24.071283419122803	25.77119389161673	25.56686852060894	24.589850954311316	8.032143402181161E-4
35.0	23.967483412079233	25.947097832124495	25.737273532172132	24.347959866468706	1.8535715543494983E-4
36.0	24.268812361097982	25.68345817137752	25.60406352313288	24.443480587236184	1.8535715543494983E-4
37.0	24.03501520237603	25.718552459473205	25.64681924031988	24.597079883373276	0.002533214457610981
38.0	23.921761980405275	25.96087604734516	25.772738534578686	24.343943794767615	6.796429032614827E-4
39.0	24.159636996546794	25.609129952048104	25.63606852530465	24.59300202595371	0.0021625001467410815
40.0	24.237178073237082	25.593065665243742	25.642061739997047	24.525717378530825	0.0019771429913061317
41.0	23.955682339849872	25.975581048343	25.84904389689941	24.219507357752285	1.8535715543494983E-4
42.0	24.197511641974003	25.61073638072854	25.6886481717297	24.498840590992753	0.004263214575003846
43.0	24.138691637982646	25.671101027681853	25.67344888498403	24.510023806037328	0.00673464331413651
44.0	23.917004480082447	26.00536176464955	25.717749245132985	24.35704236708502	0.002842143050002564
45.0	24.1382591379533	25.715833887860157	25.595846022575262	24.549195951552583	8.650000586964326E-4
46.0	24.177245926313116	25.604310666006796	25.704712458534058	24.51212452046559	0.0016064286804362321
47.0	24.057752346776052	25.948704260804934	25.77125567733521	24.221793429335982	4.942857478265329E-4
48.0	24.448114516122057	25.469370656850153	25.634338525187257	24.447187730344883	9.885714956530658E-4
49.0	24.2565170031208	25.65262709785684	25.728747103022126	24.360749510193717	0.0013592858065229654
50.0	23.96717448348684	25.850341396987453	25.867085326695076	24.31471914992737	6.796429032614827E-4
51.0	24.145364495578306	25.68969852894383	25.71744031654059	24.445952015975315	0.0015446429619579154
52.0	24.24273878790013	25.59634030832309	25.68271674275578	24.47690666093295	0.0012975000880446489
53.0	24.042923774341258	25.7436374611754	25.99275747807997	24.21956914347076	0.0011121429326096989
54.0	24.229084144116424	25.67165709914816	25.663810312901415	24.433471300842697	0.0019771429913061317
55.0	24.23668378748926	25.649599597651402	25.775086391880862	24.337332722890434	0.0012975000880446489
56.0	24.04094663134995	25.6570138838688	26.112992486238777	24.185401641152254	0.00364535739022068
57.0	24.311382721129544	25.609994952106803	25.703167815572105	24.36785486781872	0.007599643372832944
58.0	24.23396521587621	25.673139956391637	25.685558885805783	24.40202237013723	0.005313571789135229
59.0	24.087285920208686	25.66004138407424	26.016792122568038	24.235633430275126	2.4714287391326646E-4
60.0	24.341719508902397	25.51008744532736	25.648734597592703	24.49741951946775	0.002038928709784448
61.0	24.262015932065367	25.642370668589436	25.713362459121026	24.380212011514388	0.002038928709784448
62.0	24.06998591903476	25.74629424706997	25.997453192684322	24.18589592690008	3.7071431086989966E-4
63.0	24.405482370372017	25.594672093924174	25.749816033023233	24.248052359689268	0.0019771429913061317
64.0	24.216232714672934	25.64898174046662	25.67351067070251	24.46115130272098	1.2357143695663323E-4
65.0	24.119723422409802	25.764273891147155	26.044039624416975	24.071530561996717	4.325000293482163E-4
66.0	24.398562369902447	25.565014949054586	25.718923173784074	24.316881650074112	6.178571847831662E-4
67.0	24.331524865353472	25.560998877353498	25.80783282267437	24.299643434618662	0.0
68.0	24.066834847392364	25.746788532817792	26.09890534242572	24.087471277364124	0.0
69.0	24.440453087030743	25.670421384778596	25.638478168325303	24.250647359865358	0.0
70.0	24.2579380746458	25.702241029794926	25.654666026566623	24.38237451166113	0.0027803573315242475
71.0	24.098778063845653	25.65170031207966	26.092541413422452	24.155373781971793	0.0016064286804362321
72.0	24.390592012218743	25.55092780524153	25.78688746411022	24.268318075350155	0.00327464307935078
73.0	24.3636534389622	25.53776744720565	25.769093177188466	24.32905343661434	4.325000293482163E-4
74.0	24.129856280240247	25.802766393759146	26.017780694063692	24.049349489063	2.4714287391326646E-4
75.0	24.398006298436144	25.522753517615413	25.882284613440742	24.1969555705077	0.0
76.0	24.257876288927317	25.507492445151275	25.891367114057058	24.34258450896109	6.796429032614827E-4
77.0	24.14369628117939	25.87054532692986	25.99584676400389	23.988305199206426	0.0016064286804362321
78.0	24.407027013333977	25.568042449260027	25.844409968013533	24.177801997779422	0.0027185716130459308
79.0	24.28543271936865	25.580276021518728	25.893591399922272	24.23952593053926	0.0011739286510880156
80.0	24.052191632113004	25.80288996519611	26.063934625766993	24.079253776806507	0.0017300001173928652
81.0	24.504957377122107	25.391582437285955	25.768598891440643	24.323060221921942	0.011801072229358472
82.0	24.262695574968628	25.543081018994783	25.956983547081023	24.21783914335337	0.019400715602191417
83.0	24.028898416246676	25.708852101672107	26.186023205480147	24.051635560646698	0.02459071595437001
84.0	24.51286594908733	25.49192244409474	25.861648183468983	24.112679850503277	0.020883572845671015
85.0	24.243294859366436	25.436933154649033	26.09859641383333	24.205234856783793	0.015940715367405683
86.0	24.24348021652187	25.70872853023515	26.043607124387623	23.99219769947056	0.011986429384793423
87.0	24.434521658056827	25.49247851556104	25.85769389748637	24.203628428103357	0.011677500792401839
88.0	24.207273785493577	25.571934949524156	25.937212117167963	24.27264307564364	0.01093607217066204
89.0	24.302362006231707	25.800542107893932	26.024021051629997	23.86479554796827	0.008279286276094425
90.0	24.684506675020096	25.48481708646973	25.771379248772163	24.05126484633583	0.008032143402181158
91.0	24.582560239530874	25.448363512567525	25.930168545261438	24.033038059384726	0.005869643255440078
92.0	24.738322035814708	25.428159582625113	26.341105358860723	23.49173337979619	6.796429032614827E-4
93.0	25.496865301573003	24.63724060038418	25.682098885570998	24.183609855316384	1.8535715543494983E-4
94.0	24.798686682768025	25.042802056475853	26.40888429203143	23.748267682918165	0.0013592858065229654
95.0	23.791270542979074	24.82599597033544	27.958099397156744	23.423892660907004	7.414286217397993E-4
96.0	25.135727777067242	25.487412086645822	25.70940817313841	23.656639462414823	0.010812500733705408
97.0	23.89408197852699	27.988250827774163	24.46492023154816	23.641131247076764	0.011615715073923522
98.0	25.494579229989306	26.03619283817023	23.45818373466247	25.00109669650299	0.009947500675008974
99.0	22.99454370320118	25.667084955980762	22.590279747197552	28.73999766449984	0.008093929120659475
100.0	21.136770719995155	28.276728347349422	26.837800749707906	23.72590125282901	0.02279893011849883
101.0	13.513513513513514	40.54054054054054	35.13513513513514	10.81081081081081	0.0
102.0	18.91891891891892	35.13513513513514	37.83783783783784	8.108108108108109	0.0
103.0	10.81081081081081	54.054054054054056	32.432432432432435	2.7027027027027026	0.0
104.0	21.62162162162162	35.13513513513514	32.432432432432435	10.81081081081081	0.0
105.0	13.513513513513514	35.13513513513514	43.24324324324324	8.108108108108109	0.0
106.0	8.108108108108109	43.24324324324324	32.432432432432435	16.216216216216218	0.0
107.0	13.513513513513514	45.94594594594595	32.432432432432435	8.108108108108109	0.0
108.0	13.513513513513514	40.54054054054054	37.83783783783784	8.108108108108109	0.0
109.0	10.81081081081081	48.64864864864865	27.027027027027028	13.513513513513514	0.0
110.0	13.513513513513514	37.83783783783784	32.432432432432435	16.216216216216218	0.0
111.0	5.405405405405405	54.054054054054056	29.72972972972973	10.81081081081081	0.0
112.0	5.405405405405405	43.24324324324324	40.54054054054054	10.81081081081081	0.0
113.0	8.108108108108109	43.24324324324324	40.54054054054054	8.108108108108109	0.0
114.0	16.216216216216218	40.54054054054054	32.432432432432435	10.81081081081081	0.0
115.0	10.81081081081081	40.54054054054054	29.72972972972973	18.91891891891892	0.0
116.0	5.405405405405405	40.54054054054054	37.83783783783784	16.216216216216218	0.0
117.0	10.81081081081081	45.94594594594595	32.432432432432435	10.81081081081081	0.0
118.0	10.81081081081081	45.94594594594595	32.432432432432435	10.81081081081081	0.0
119.0	10.81081081081081	29.72972972972973	40.54054054054054	18.91891891891892	0.0
120.0	13.513513513513514	45.94594594594595	29.72972972972973	10.81081081081081	0.0
121.0	10.81081081081081	51.35135135135135	18.91891891891892	18.91891891891892	0.0
122.0	18.91891891891892	35.13513513513514	32.432432432432435	13.513513513513514	0.0
123.0	2.7027027027027026	48.64864864864865	32.432432432432435	16.216216216216218	0.0
124.0	8.108108108108109	43.24324324324324	35.13513513513514	13.513513513513514	0.0
125.0	13.513513513513514	51.35135135135135	29.72972972972973	5.405405405405405	0.0
126.0	13.513513513513514	45.94594594594595	32.432432432432435	8.108108108108109	0.0
127.0	10.81081081081081	32.432432432432435	35.13513513513514	21.62162162162162	0.0
128.0	13.513513513513514	43.24324324324324	32.432432432432435	10.81081081081081	0.0
129.0	8.108108108108109	45.94594594594595	35.13513513513514	10.81081081081081	0.0
130.0	2.7027027027027026	51.35135135135135	29.72972972972973	16.216216216216218	0.0
131.0	13.513513513513514	37.83783783783784	32.432432432432435	16.216216216216218	0.0
132.0	2.7027027027027026	43.24324324324324	51.35135135135135	2.7027027027027026	0.0
133.0	5.405405405405405	48.64864864864865	37.83783783783784	8.108108108108109	0.0
134.0	13.513513513513514	35.13513513513514	35.13513513513514	16.216216216216218	0.0
135.0	13.513513513513514	32.432432432432435	48.64864864864865	5.405405405405405	0.0
136.0	10.81081081081081	37.83783783783784	35.13513513513514	16.216216216216218	0.0
137.0	10.81081081081081	35.13513513513514	40.54054054054054	13.513513513513514	0.0
138.0	5.405405405405405	40.54054054054054	43.24324324324324	10.81081081081081	0.0
139.0	8.108108108108109	48.64864864864865	35.13513513513514	8.108108108108109	0.0
140.0	5.405405405405405	62.16216216216216	16.216216216216218	16.216216216216218	0.0
141.0	8.108108108108109	35.13513513513514	35.13513513513514	21.62162162162162	0.0
142.0	5.405405405405405	45.94594594594595	29.72972972972973	18.91891891891892	0.0
143.0	2.7027027027027026	51.35135135135135	16.216216216216218	29.72972972972973	0.0
144.0	0.0	37.83783783783784	43.24324324324324	18.91891891891892	0.0
145.0	10.81081081081081	43.24324324324324	27.027027027027028	18.91891891891892	0.0
146.0	2.7027027027027026	54.054054054054056	29.72972972972973	13.513513513513514	0.0
