# Position (bp)	A	C	G	T	N
0.0	25.46248040437991	26.331343365181542	24.751630343706285	23.43202355158803	0.022522335144232082
1.0	24.881237765736813	24.802974136752766	25.785815564062673	24.52349513363054	0.006477399817206589
2.0	23.96156584306627	25.476088886564686	25.85171865027627	24.702069321251695	0.008557298841080264
3.0	23.98319679291456	25.475435204014325	25.98887313447914	24.54179824504063	0.01069662355135033
4.0	23.965547364054828	25.380235254407307	26.165723977194798	24.479163571578834	0.009329832764233343
5.0	23.721604921397645	26.24030321362227	26.07545635955868	23.96221952561663	4.1597980477473505E-4
6.0	23.718930765509807	25.882917135634376	25.96367664344707	24.433465218740007	0.0010102366687386422
7.0	23.675550014440443	26.197992124908037	25.564038902431342	24.56194355272901	4.754054911711257E-4
8.0	23.501967584476585	26.262112440529744	25.743326198289253	24.492177796899643	4.1597980477473505E-4
9.0	23.68880194250684	26.128701774569844	25.87412213404771	24.302669282981554	0.005704865894053509
10.0	23.676857379541165	26.085618151932465	25.815112427456093	24.414924404584333	0.007487636485945231
11.0	23.575239455803334	26.24327449794209	25.910193525690318	24.263745458391917	0.007547062172341622
12.0	23.69337772035936	26.18699837292471	25.794967119767716	24.31425729182885	0.010399495119368376
13.0	23.70573826312981	26.0668396350312	25.882441730143203	24.33434317383083	0.01063719786495394
14.0	23.560620736949822	26.239590105385513	25.964092623251844	24.22470278242949	0.010993751983332283
15.0	23.674955757576477	26.111408899828497	25.87198280933744	24.32673668597209	0.01491584728549407
16.0	23.658970247935848	26.15817691502246	25.849341622820415	24.313603609278488	0.019907604942790893
17.0	23.629257404737654	26.19840810471281	25.967836441494818	24.1816785854785	0.022819463576214036
18.0	23.632050411998286	26.15158066383246	25.95803120323941	24.239440352655794	0.01889736827405225
19.0	23.685058124263865	26.15021387304534	25.89652561781915	24.25708978151552	0.011112603356125066
20.0	23.620937808642157	26.188899994889393	25.977819956809412	24.210084063575977	0.0022581760830628476
21.0	23.751733744400617	26.06951379091904	25.961240190304817	24.216204909274804	0.001307365100720596
22.0	23.702826404496385	26.09732501215255	25.973303604643284	24.22387082281994	0.0026741558878375826
23.0	23.66057474146855	26.12977143692498	26.093878322341563	24.114230431418598	0.0015450678463061586
24.0	23.80830699784998	26.061431897569133	25.931765049852206	24.197842372178318	6.53682550360298E-4
25.0	23.835523962219526	25.951316100676618	25.992735804094906	24.220364707322553	5.9425686396390715E-5
26.0	23.74276046575476	26.06464088463454	26.073019906416427	24.11957874319427	0.0
27.0	23.833384637509255	26.014782733747964	25.9170869053123	24.234686297744084	5.9425686396390715E-5
28.0	23.77716793817827	26.00955327334508	26.031600202998145	24.178469598413095	0.003208987065405099
29.0	23.75910252951377	26.109804406295794	26.046694327342827	24.082972520374096	0.0014262164735133773
30.0	23.853827073629613	25.964211474624637	25.967895867181213	24.211153725931112	0.0029118586334231453
31.0	23.81335818119367	25.983762525449052	25.973957287193645	24.228922006163632	0.0
32.0	23.758151718531426	26.06832527719111	26.11598467768102	24.057538326596443	0.0
33.0	23.934348878696724	25.968074144240404	25.967361036003645	24.130215941059227	0.0
34.0	23.90956836746943	25.96450860305662	25.953930830878065	24.171397941731925	5.942568639639072E-4
35.0	23.824114230431416	25.99743043332022	26.071474838570126	24.106505092187067	4.754054911711257E-4
36.0	23.982899664482574	25.866634497561762	25.963557792074276	24.1866703431358	2.3770274558556286E-4
37.0	23.830116224757454	25.90341899744113	25.980731815442837	24.28347478627552	0.0022581760830628476
38.0	23.799511996263313	25.990061648207067	26.116103529053813	24.09360971823905	7.131082367566886E-4
39.0	23.89506849998871	25.894505144481673	26.024053140825803	24.183877335875167	0.0024958788286484103
40.0	23.927277222015555	25.862236996768427	25.98400022819464	24.224583931056696	0.001901621964684503
41.0	23.822688013957904	25.900804267239693	26.0932840654776	24.182926524892824	2.971284319819536E-4
42.0	23.990268449595728	25.85035185948915	25.98281171446671	24.17104138761355	0.005526588834864337
43.0	23.870525691506998	25.901517375476445	26.04128658988076	24.17888557821787	0.007784764917927185
44.0	23.85341109382484	25.953098871268516	26.077179704464175	24.112804214945086	0.0035061154973870523
45.0	23.964834255818072	25.825274219829875	26.05388483539679	24.155115303659315	8.913852959458609E-4
46.0	23.975649730742216	25.903537848813922	25.927308123372477	24.191840377852284	0.0016639192190989402
47.0	23.96733013464672	25.889156832705996	26.045030408123733	24.09788836765959	5.942568639639072E-4
48.0	23.9708956758305	25.81350793392339	26.086568962914807	24.127185231053012	0.0018421962782881125
49.0	23.92763377613393	25.845538378891046	26.090372206844176	24.135326550089317	0.0011290880415314238
50.0	23.933398067714382	25.913224235696536	26.0487742263667	24.1043063417904	2.971284319819536E-4
51.0	23.990149598222935	25.81291367705943	26.027499830636792	24.168248380352917	0.0011885137279278144
52.0	24.002569566679778	25.817192326479965	26.000342291953643	24.178826152531474	0.001069662355135033
53.0	23.84009974007205	25.871388552473473	26.163644078170922	24.12457050085157	2.971284319819536E-4
54.0	23.960852734829512	25.86657507187537	26.028094087500758	24.143111315007243	0.0013667907871169865
55.0	24.00470889139005	25.79080732171997	26.034452635945172	24.169258617021654	7.725339231530793E-4
56.0	23.896375865089432	25.82937459219123	26.18854344077101	24.083031946060494	0.0026741558878375826
57.0	24.04190937107419	25.799840026052223	26.08389480702697	24.067818970343016	0.00653682550360298
58.0	23.96946945935699	25.839952364369783	26.079200177801653	24.107218200423823	0.0041597980477473505
59.0	23.90392292726177	25.850589562234738	26.17440012740867	24.071027957408422	5.9425686396390715E-5
60.0	23.952295435988432	25.850827264980325	26.08532102350048	24.110011207684455	0.0015450678463061586
61.0	23.924127660636543	25.80744651391096	26.10243562118264	24.16391030524598	0.0020798990238736752
62.0	23.89275089821925	25.890642474865906	26.157939212276872	24.058310860519594	3.565541183783443E-4
63.0	24.09069785960563	25.75806376851556	26.04039520458481	24.108228437092563	0.002614730201441192
64.0	23.967805540137892	25.833177836120598	26.127750963587502	24.071027957408422	2.3770274558556286E-4
65.0	23.937795568507713	25.873587302870142	26.153957691288316	24.034421734588246	2.3770274558556286E-4
66.0	24.060925590721034	25.861583314218073	26.04639719891085	24.030143085167705	9.508109823422514E-4
67.0	23.962635505421407	25.825095942770687	26.163406375425343	24.048862176382567	0.0
68.0	23.98117631957708	25.855462468519242	26.153601137169936	24.009760074733745	0.0
69.0	24.0072047702187	25.84642976418699	26.120322752787956	24.026042712806355	0.0
70.0	23.934646007128705	25.854095677732126	26.16994320092894	24.037868424399235	0.003446689810990662
71.0	23.882945659963845	25.892365819771403	26.188127460966236	24.034718863020228	0.0018421962782881125
72.0	24.012196527875997	25.84726172379654	26.17083458622489	23.96566621542762	0.004040946674954569
73.0	23.969885439161764	25.78082380640538	26.184799622528036	24.063896875040854	5.942568639639072E-4
74.0	23.961625268752666	25.929625725141936	26.231270509290017	23.87730021975619	1.7827705918917216E-4
75.0	23.962516654048613	25.796333910554836	26.221108716916238	24.020040718480317	0.0
76.0	23.927455499074743	25.842745371630414	26.242323686959747	23.98694061115753	5.348311775675165E-4
77.0	23.891027553313755	25.89052362349311	26.29461829098857	23.92270144416303	0.0011290880415314238
78.0	24.00655108766834	25.85171865027627	26.234836050473803	23.904873738244113	0.0020204733374772845
79.0	23.969112905238614	25.774940663452135	26.29545025059812	23.959545369728794	9.508109823422514E-4
80.0	23.879796098584837	25.873587302870142	26.3977812825727	23.84729024812601	0.0015450678463061586
81.0	24.123025433005264	25.79823553251952	26.188662292143803	23.879796098584837	0.010280643746575596
82.0	24.026577543983922	25.783379110920418	26.321419275553342	23.849726701268263	0.01889736827405225
83.0	23.91877934886087	25.84862851458366	26.4044369594491	23.805098010784572	0.0230571663217996
84.0	24.158383716411116	25.728113222571775	26.26746075230542	23.82666953494646	0.019372773765223374
85.0	24.082318837823735	25.771375122268346	26.330273702826407	23.80153246960079	0.014499867480719335
86.0	24.06294606405851	25.812438271568254	26.352796037970638	23.761063577164848	0.01075604923774672
87.0	24.115656647892113	25.813032528432217	26.24131345029101	23.81959787826529	0.010399495119368376
88.0	24.10810958571977	25.73875042043673	26.22693243418308	23.915510936109065	0.01069662355135033
89.0	24.062232955821756	25.73797788651358	26.355826747976852	23.836653050261056	0.007309359426756059
90.0	24.137287597740396	25.73203531787394	26.246305207948307	23.876705962892224	0.007665913545134403
91.0	24.091351542155987	25.74338562397565	26.288438019603344	23.87100109699817	0.005823717266846291
92.0	24.259050829166604	25.613897053317913	26.428563788126034	23.697715795466294	7.725339231530793E-4
93.0	24.363224057419476	25.430212256666675	26.36598854035064	23.840278017131237	2.971284319819536E-4
94.0	24.19570304746805	25.887671190546087	25.988754283106346	23.926445262406006	0.0014262164735133773
95.0	23.757973441472235	25.898843219588606	26.435694870493602	23.907013062954384	4.754054911711257E-4
96.0	24.332144423434162	25.90454808548266	25.587214920125934	24.16658446113382	0.009508109823422515
97.0	24.230051094205162	25.904845213914644	25.709275279984123	24.146023173640668	0.00980523825540447
98.0	24.497228980243335	25.757291234592405	25.650562701824487	24.086597487244276	0.008319596095494701
99.0	24.35674665760227	25.637429625130885	24.952667440785277	25.04691657940995	0.006239697071621026
100.0	23.22379594645508	24.625826165605126	26.432783011860177	25.69507254093538	0.022522335144232082
