# Position (bp)	A	C	G	T	N
0.0	23.579625846935585	26.797332315095257	28.218417010507373	21.3807753190953	0.023849508366481677
1.0	28.491018126862084	22.547671212901964	25.691048772862473	23.26395968568078	0.006302201692697231
2.0	24.620415920597203	23.483795309431923	26.10816802411148	25.779773886889075	0.007846858970319101
3.0	23.46217010754522	24.405523200134446	27.941737998939747	24.18074467309491	0.009824020285675096
4.0	23.49905652333483	25.77161809646323	25.53435873862051	25.185760484206803	0.009206157374626347
5.0	23.255371391217203	27.890887881360438	24.74269099069375	24.110184728653145	8.650080754682473E-4
6.0	23.48941786192247	26.409499765829956	25.07262978519378	25.02672257090286	0.0017300161509364947
7.0	24.003356231332816	25.779094237686916	24.72990122843504	25.48746294367191	1.8535887331462444E-4
8.0	23.381044707324516	26.343079502892213	25.364261079208788	24.910749702499007	8.650080754682473E-4
9.0	23.755407845128953	25.908042227222793	25.54646885167707	24.784211378316225	0.005869697654963107
10.0	23.930942698157903	25.751166834107515	25.531516569229684	24.779021329863415	0.007352568641480103
11.0	23.733350139204514	26.025683325486476	25.816413157514262	24.416768305115536	0.007785072679214226
12.0	23.99668331189349	25.801399088775778	25.657869534539156	24.532988318683806	0.011059746107772592
13.0	23.95318576295566	25.870414375939927	25.55536607759617	24.61077725918484	0.010256524323409219
14.0	23.820530595953493	25.978416812791245	25.72225084987043	24.467618422694844	0.011183318689982341
15.0	24.000884779688622	25.99645840979387	25.46898884263155	24.51834496769195	0.015323000194008955
16.0	23.871875003861643	25.87702550908815	25.459782685256926	24.77135982976641	0.019956972026874565
17.0	23.82547349924188	26.143509782623468	25.678320796894866	24.328722840291086	0.02397308094869143
18.0	23.968508763149668	25.971620320769713	25.498460903488578	24.541761972020694	0.01964804057135019
19.0	23.94842821854058	25.773595257778588	25.453480483564228	24.8130655762622	0.011430463854401841
20.0	23.852659467328028	26.041191684553798	25.737512063773337	24.367092127067213	0.0015446572776218704
21.0	24.088003450146495	25.92219128788581	25.550546746889985	24.438455293293345	8.032217843633727E-4
22.0	24.09035132920848	25.79886585084048	25.531454782938578	24.577845166025945	0.0014828709865169955
23.0	23.80947084984572	26.0792520398744	25.88178305350322	24.227887613207933	0.0016064435687267453
24.0	24.07311295399022	25.885243085805094	25.46793847568277	24.57271690386424	9.885806576779969E-4
25.0	24.04320838909546	25.781936407077744	25.569638710841392	24.6051547066943	6.17862911048748E-5
26.0	23.810212285338977	25.916074445066428	25.86825185575125	24.405337841261133	1.235725822097496E-4
27.0	24.043023030222148	25.753452926878396	25.646748002140278	24.55621996413924	5.560766199438733E-4
28.0	24.082751615402582	25.718172954657515	25.526820811105715	24.668485655076793	0.0037689637573973638
29.0	23.890658036357525	25.980085042651073	25.810852391314825	24.31673629981674	0.0016682298598316198
30.0	24.225169016399317	25.66892928064693	25.691851994646836	24.410466103422838	0.003583604884082739
31.0	24.185564003801094	25.523113633639422	25.70853429324515	24.582788069314333	0.0
32.0	23.840425781689262	25.941592183292737	25.954505518133658	24.26347651688434	0.0
33.0	24.21670429451795	25.773657044069694	25.582428473100105	24.427210188312255	0.0
34.0	24.07193901445923	25.77106201984328	25.56599331966621	24.590202424246918	8.032217843633727E-4
35.0	23.967829113947513	25.946782231745548	25.736523483115658	24.34867981231796	1.8535887331462444E-4
36.0	24.270211222614773	25.682584050981106	25.603497598366864	24.443521769163944	1.8535887331462444E-4
37.0	24.03560867528956	25.718605458695247	25.646191925520334	24.59706070255956	0.0025332379352998673
38.0	23.921983685947694	25.960375215788623	25.77273024970312	24.34423119935841	6.796492021536229E-4
39.0	24.159799120410362	25.608316929073045	25.636058973779136	24.59366245654879	0.0021625201886706184
40.0	24.237773419784713	25.59299392887904	25.641249022231943	24.526006467788953	0.0019771613153559938
41.0	23.95615150492869	25.975018566780477	25.848356670015484	24.22028789940203	1.8535887331462444E-4
42.0	24.197983048313173	25.609985158932876	25.68820660347165	24.499561935196066	0.004263254086236363
43.0	24.139533216927962	25.670350365342337	25.67313074844206	24.51025096355721	0.006734705730431355
44.0	23.91772043186146	26.004737772801924	25.71780223691088	24.35689738903491	0.0028421693908242413
45.0	24.138173918523652	25.715021853811166	25.59595967085207	24.549979548737642	8.650080754682473E-4
46.0	24.177222854501935	25.603991888695703	25.704147466576703	24.51303134665693	0.0016064435687267453
47.0	24.057666381214002	25.94882117935201	25.7712473787166	24.22177077038855	4.942903288389984E-4
48.0	24.448464672452335	25.468432766011606	25.63402002617267	24.448093954705705	9.885806576779969E-4
49.0	24.25711252890054	25.652308768339715	25.72799697494319	24.36122242941225	0.0013592984043072458
50.0	23.967211251036467	25.849963113584213	25.866768984764736	24.315377001412436	6.796492021536229E-4
51.0	24.145897204911762	25.689689474458167	25.717369732873145	24.4454989304793	0.0015446572776218704
52.0	24.243519544857463	25.59614502972539	25.681904401778947	24.477133511524997	0.001297512113202371
53.0	24.042899457639937	25.742949257390567	25.99287480490979	24.220164326819823	0.0011121532398877467
54.0	24.229370484194447	25.671462518582228	25.663801018485223	24.433388817422745	0.0019771613153559938
55.0	24.237031984291455	25.649713744113313	25.77452205214516	24.337434707336875	0.001297512113202371
56.0	24.04178730440005	25.656633808717054	26.112431278197718	24.18550221750999	0.003645391175187614
57.0	24.311546251363932	25.609305509730724	25.703158885919024	24.368389639180418	0.007599713805899602
58.0	24.234128028609526	25.673007175859848	25.685117288916402	24.402433885579203	0.005313621035019234
59.0	24.086953083197713	25.660155627310033	26.016971458440686	24.235672685887145	2.471451644194992E-4
60.0	24.34194510658753	25.509829581051875	25.648478018291215	24.49770834646292	0.0020389476064608687
61.0	24.26261150880887	25.642237602889622	25.712735761040285	24.380376179654764	0.0020389476064608687
62.0	24.070641502346028	25.746471075983546	25.996643768667184	24.185872935256615	3.707177466292489E-4
63.0	24.406141063045496	25.594106082118923	25.74943681795658	24.248338875563647	0.0019771613153559938
64.0	24.216148217898006	25.64779836908906	25.673810397644214	24.462119442786513	1.235725822097496E-4
65.0	24.120935543305393	25.763276947164073	26.044095640235724	24.071259365257074	4.3250403773412366E-4
66.0	24.39909742585954	25.564634021261902	25.718667244986353	24.31698344498116	6.178629110487481E-4
67.0	24.331750368555227	25.561050416377817	25.807392359012955	24.29980685605401	0.0
68.0	24.066872538588626	25.746656434856856	26.098282217534702	24.088188809019808	0.0
69.0	24.440370668317595	25.670226792760133	25.63828328025891	24.251119258663365	0.0
70.0	24.25841004101374	25.701799587514724	25.6546566474017	24.38235334097012	0.0027803830997193664
71.0	24.099001409963165	25.65107304251762	26.09290681020858	24.15541229374191	0.0016064435687267453
72.0	24.3909416354337	25.550484960598887	25.786385020037294	24.268913710501568	0.003274673428558365
73.0	24.36369388105645	25.537262694302438	25.76908485852793	24.329526062075452	4.3250403773412366E-4
74.0	24.13001812809781	25.802634814597873	26.01752753506063	24.04957237707926	2.471451644194992E-4
75.0	24.39804705891076	25.522372198146165	25.881968412376537	24.197612330566542	0.0
76.0	24.25853361359595	25.506863839078843	25.890989210877848	24.342933687245207	6.796492021536229E-4
77.0	24.144785051671874	25.869611154155557	25.99571697430061	23.98828037630323	0.0016064435687267453
78.0	24.407685720323116	25.56698190032388	25.843969843347036	24.178643939197347	0.0027185968086144915
79.0	24.285843154264306	25.579648090000383	25.893646021395355	24.239688794808963	0.0011739395309926213
80.0	24.052847050507822	25.802634814597873	26.06337296306045	24.079415155682916	0.0017300161509364947
81.0	24.50493734252219	25.391879551332668	25.76821985045246	24.32316207409165	0.01180118160103109
82.0	24.262920440264395	25.54300881937519	25.956359106866806	24.218310738086675	0.019400895406930692
83.0	24.029059328432446	25.708596079536257	26.18583339203031	24.051920256141248	0.02459094385974018
84.0	24.513587423276874	25.491602625175936	25.861578936311926	24.112347248841818	0.020883766393447686
85.0	24.24382847631299	25.43605674947265	26.09865293528133	24.20552097582797	0.0159408631050577
86.0	24.24382847631299	25.708410720662943	26.043292418451365	23.99248184409836	0.011986540474345714
87.0	24.43437739808042	25.492591205833616	25.857253895934583	24.204099891132554	0.01167760901882134
88.0	24.206942060523378	25.57180123103006	25.936958211459878	24.27336232346112	0.010936173525562842
89.0	24.302710811735935	25.79991621778926	26.02395330933554	23.865140298131212	0.008279363008053226
90.0	24.68479723592848	25.48418827024335	25.7712473787166	24.051734897267934	0.008032217843633727
91.0	24.583035214478752	25.447487213327058	25.930099933147233	24.033507941391996	0.005869697654963107
92.0	24.738922026936354	25.427839172755707	26.340546264956917	23.49201288614887	6.796492021536229E-4
93.0	25.496916246210954	24.637592509524357	25.681719042905637	24.183586842485735	1.8535887331462444E-4
94.0	24.798792943016977	25.0424780751346	26.40863475775449	23.748734925689625	0.0013592984043072458
95.0	23.791676398007517	24.825422834483177	27.957864220918122	23.42429511109793	7.414354932584978E-4
96.0	25.136207878740695	25.487092225925277	25.708966797282883	23.656920497107784	0.010812600943353092
97.0	23.894365213823818	27.988077717268407	24.46477625330402	23.64116499287604	0.011615822727716465
98.0	25.49481551231339	26.03587806351878	23.45778328087677	25.001575550423173	0.009947592867884845
99.0	22.99525110566568	25.66627247012942	22.59055089892875	28.73983152114142	0.0080940041347386
100.0	21.13727554585099	28.27649612414596	26.83743161802232	23.725997570563035	0.022799141417698808
101.0	36.206896551724135	24.137931034482758	12.068965517241379	27.586206896551722	0.0
102.0	32.758620689655174	18.96551724137931	17.24137931034483	31.03448275862069	0.0
103.0	41.37931034482759	13.793103448275861	17.24137931034483	27.586206896551722	0.0
104.0	32.758620689655174	31.03448275862069	5.172413793103448	31.03448275862069	0.0
105.0	43.103448275862064	10.344827586206897	10.344827586206897	36.206896551724135	0.0
106.0	27.586206896551722	15.517241379310345	12.068965517241379	44.827586206896555	0.0
107.0	32.758620689655174	18.96551724137931	17.24137931034483	31.03448275862069	0.0
108.0	36.206896551724135	15.517241379310345	15.517241379310345	32.758620689655174	0.0
109.0	34.48275862068966	17.24137931034483	18.96551724137931	29.310344827586203	0.0
110.0	44.827586206896555	20.689655172413794	6.896551724137931	27.586206896551722	0.0
111.0	27.586206896551722	22.413793103448278	13.793103448275861	36.206896551724135	0.0
112.0	15.517241379310345	24.137931034482758	18.96551724137931	41.37931034482759	0.0
113.0	32.758620689655174	15.517241379310345	12.068965517241379	39.6551724137931	0.0
114.0	32.758620689655174	17.24137931034483	20.689655172413794	29.310344827586203	0.0
115.0	41.37931034482759	24.137931034482758	15.517241379310345	18.96551724137931	0.0
116.0	34.48275862068966	20.689655172413794	8.620689655172415	36.206896551724135	0.0
117.0	36.206896551724135	18.96551724137931	24.137931034482758	20.689655172413794	0.0
118.0	31.03448275862069	22.413793103448278	17.24137931034483	29.310344827586203	0.0
119.0	37.93103448275862	18.96551724137931	15.517241379310345	27.586206896551722	0.0
120.0	43.103448275862064	15.517241379310345	8.620689655172415	32.758620689655174	0.0
121.0	31.03448275862069	17.24137931034483	20.689655172413794	31.03448275862069	0.0
122.0	43.103448275862064	17.24137931034483	6.896551724137931	32.758620689655174	0.0
123.0	25.862068965517242	24.137931034482758	12.068965517241379	37.93103448275862	0.0
124.0	46.55172413793103	15.517241379310345	15.517241379310345	22.413793103448278	0.0
125.0	31.03448275862069	22.413793103448278	17.24137931034483	29.310344827586203	0.0
126.0	39.6551724137931	20.689655172413794	12.068965517241379	27.586206896551722	0.0
127.0	29.310344827586203	15.517241379310345	18.96551724137931	36.206896551724135	0.0
128.0	22.413793103448278	18.96551724137931	20.689655172413794	37.93103448275862	0.0
129.0	31.03448275862069	20.689655172413794	24.137931034482758	24.137931034482758	0.0
130.0	34.48275862068966	15.517241379310345	15.517241379310345	34.48275862068966	0.0
131.0	32.758620689655174	15.517241379310345	13.793103448275861	37.93103448275862	0.0
132.0	25.862068965517242	17.24137931034483	18.96551724137931	37.93103448275862	0.0
133.0	18.96551724137931	29.310344827586203	24.137931034482758	27.586206896551722	0.0
134.0	25.862068965517242	36.206896551724135	10.344827586206897	27.586206896551722	0.0
135.0	29.310344827586203	27.586206896551722	10.344827586206897	32.758620689655174	0.0
136.0	34.48275862068966	24.137931034482758	8.620689655172415	32.758620689655174	0.0
137.0	32.758620689655174	13.793103448275861	18.96551724137931	34.48275862068966	0.0
138.0	37.93103448275862	13.793103448275861	18.96551724137931	29.310344827586203	0.0
139.0	27.586206896551722	24.137931034482758	15.517241379310345	32.758620689655174	0.0
140.0	29.310344827586203	27.586206896551722	12.068965517241379	31.03448275862069	0.0
141.0	31.03448275862069	20.689655172413794	10.344827586206897	37.93103448275862	0.0
142.0	27.586206896551722	20.689655172413794	15.517241379310345	36.206896551724135	0.0
143.0	29.310344827586203	10.344827586206897	29.310344827586203	31.03448275862069	0.0
144.0	41.37931034482759	12.068965517241379	15.517241379310345	31.03448275862069	0.0
145.0	32.758620689655174	18.96551724137931	15.517241379310345	32.758620689655174	0.0
146.0	34.48275862068966	25.862068965517242	10.344827586206897	29.310344827586203	0.0
