# Position (bp)	A	C	G	T	N
0.0	27.988922556460306	23.475277651480226	20.591390498961886	27.93219994086095	0.012209352236632508
1.0	27.78651438891238	22.663101366239232	21.44229332332845	28.107963740767474	1.2718075246492195E-4
2.0	27.072903186831702	23.133860921488143	21.9366449081596	27.85646380276809	1.2718075246492195E-4
3.0	26.78681008416186	23.269626374744444	21.956612286296593	27.985361495391288	0.0015897594058115244
4.0	26.81657038023865	22.760903364884758	22.195203377920787	28.22719569620334	1.2718075246492195E-4
5.0	26.84308756712759	23.14002918798269	22.38241344554915	27.634469799340565	0.0
6.0	26.870240657778854	22.8671628835692	22.35526035489789	27.90733610375406	0.0
7.0	27.007087147431108	23.044516442881534	21.94834553738637	28.000050872300985	0.0
8.0	26.818414501149395	23.153255986239042	21.862943662106176	28.165385850505388	0.0
9.0	26.85319843694855	23.195034863423768	22.040170040666045	27.911596658961635	0.0
10.0	26.921748862527146	23.203937516096314	21.98421050958148	27.89010311179506	0.0
11.0	26.889635722529754	23.230391112609016	22.075780651356226	27.804192513505004	0.0
12.0	27.038818745171106	23.166037651861767	22.053206067793703	27.741937535173427	0.0
13.0	26.951445568227705	23.16063246988201	22.18076836251602	27.707153599374273	0.0
14.0	27.006260472540085	23.21881766413471	22.04080594442837	27.734115918896833	0.0
15.0	26.968424198681774	23.134178873369304	22.16277228604223	27.734497461154227	1.2718075246492195E-4
16.0	26.949919399198123	23.16762741126758	22.151008066439225	27.731381532718842	6.359037623246098E-5
17.0	27.02571912766722	23.13557786164642	22.170975444576218	27.667663975733912	6.359037623246098E-5
18.0	27.000791700184095	23.085405054799008	22.22572675851237	27.687567763494673	5.087230098596878E-4
19.0	27.02699093519187	23.12940959515187	22.204678343979424	27.63892112567684	0.0
20.0	27.020186764934994	23.151475455704535	22.230114494472407	27.598223284888064	0.0
21.0	27.070804704416034	23.104800119549907	22.17440932489277	27.649985851141288	0.0
22.0	27.037992070280083	23.133097836973352	22.228524735066596	27.60038535767997	0.0
23.0	27.15468041066665	23.112494555074033	22.254342427816976	27.478482606442338	0.0
24.0	27.088927961642284	23.006552988270755	22.265661514786352	27.63885753530061	0.0
25.0	27.035639226359482	23.062512519355323	22.295930533873005	27.605917720412194	0.0
26.0	27.081551477999323	22.97850963235224	22.313545068089397	27.62639382155905	0.0
27.0	27.17973501890224	22.98289736831228	22.26070146544022	27.576666147345264	0.0
28.0	27.26920667826131	23.002928336825505	22.191070003465676	27.536667800695042	1.2718075246492195E-4
29.0	27.192771046029897	23.027219860546307	22.230114494472407	27.549894598951397	0.0
30.0	27.254835253232773	22.95192885508707	22.215170756057777	27.578065135622374	0.0
31.0	27.197095191613702	22.969161847046067	22.242514617837735	27.591228343502493	0.0
32.0	27.18819253894116	22.92274087239637	22.25109931862912	27.637967270033354	0.0
33.0	27.215854352602275	22.881725079726433	22.265089201400258	27.637331366271027	0.0
34.0	27.27798215018139	22.83536769545297	22.27717137288443	27.60947878148121	0.0
35.0	27.25941376032151	22.86023153255986	22.245566955896894	27.634406208964336	3.815422573947659E-4
36.0	27.28650326059654	22.888974382616933	22.2428325697189	27.57819231637484	0.0034974706927853537
37.0	27.26698101509318	22.818770607256297	22.285692483299577	27.625948688925416	0.0026072054255309005
38.0	27.321414377148162	22.84744986693714	22.188208436535213	27.64222782524093	6.994941385570707E-4
39.0	27.271559522181914	22.870660354261986	22.185982773367076	27.671161446426694	6.359037623246099E-4
40.0	27.308314759644276	22.866781341311807	22.242451027461506	27.58213491970125	3.179518811623049E-4
41.0	27.272576968201633	22.85469916982764	22.176317036179743	27.69577092202866	6.359037623246099E-4
42.0	27.314483026138824	22.82163217418676	22.17275597511073	27.690429330425133	6.994941385570707E-4
43.0	27.29082740618035	22.79269855300099	22.272910817676852	27.642672957874552	8.902652672544537E-4
44.0	27.286312489467846	22.853745314184152	22.200099836890686	27.658952094190063	8.902652672544537E-4
45.0	27.374957473935897	22.860994617074653	22.131803772817022	27.632053365043735	1.9077112869738294E-4
46.0	27.37890007726231	22.82710094654275	22.15863891158712	27.635360064607823	0.0
47.0	27.337884284592366	22.868053148836456	22.120421095471414	27.6735142903473	1.2718075246492195E-4
48.0	27.31842562946524	22.80204633830716	22.143758763548725	27.73576926867888	0.0
49.0	27.302019312397263	22.83683027410632	22.150817295310528	27.710333118185893	0.0
50.0	27.319315894732494	22.855653025471128	22.14623878822179	27.678792291574595	0.0
51.0	27.33553144067177	22.853173000798062	22.18140426627834	27.62989129225183	0.0
52.0	27.35575318031369	22.843698034739425	22.155459392775498	27.64508939217139	0.0
53.0	27.376801594846633	22.74392473443069	22.163281009052092	27.715992661670587	0.0
54.0	27.321795919405556	22.844842661511606	22.179242193486438	27.65386486409147	2.543615049298439E-4
55.0	27.373685666411244	22.756452038548485	22.17288315586319	27.69570733165243	0.0012718075246492197
56.0	27.241862816481355	22.895778552873807	22.1891622921787	27.672306073198882	8.902652672544537E-4
57.0	27.309586567168925	22.85037502424383	22.16226356303237	27.67688458028762	8.902652672544537E-4
58.0	27.347550021779703	22.801474024921067	22.208557356929603	27.641401150349903	0.0010174460197193756
59.0	27.33254269298884	22.77953534512087	22.25936606753934	27.628110761717323	4.4513263362722685E-4
60.0	27.285612995329288	22.81292029264291	22.244485919500942	27.65583616575468	0.0011446267721842976
61.0	27.267807689984195	22.86614543754948	22.299046462308393	27.56572860263328	0.0012718075246492197
62.0	27.30399061406047	22.80535303787125	22.208875308810764	27.67796561668357	0.0038154225739476587
63.0	27.21928823291883	22.89736831227962	22.253770114430882	27.62518560441063	0.0043877359600398074
64.0	27.2092409534741	22.895397010616414	22.252625487658698	27.641909873359765	8.266748910219927E-4
65.0	27.26558202681606	22.878545560914812	22.283911952765067	27.57196045950406	0.0
66.0	27.245551058302837	22.89603291437874	22.25141727051028	27.606998756808142	0.0
67.0	27.227682162581512	22.857942279015493	22.307058849713684	27.607316708689307	0.0
68.0	27.206951699929732	22.93049889829673	22.315961502386227	27.54658789938731	0.0
69.0	27.248921348243154	22.886112815686474	22.26591587629128	27.599049959779087	0.0
70.0	27.202373192840994	22.908878170377694	22.370903587451075	27.51771786857777	1.2718075246492195E-4
71.0	27.20148292757374	22.869070594856176	22.4007274739041	27.528591822913523	1.2718075246492195E-4
72.0	27.17223135450681	22.869134185232408	22.391061736716765	27.56757272354402	0.0
73.0	27.210449170622518	22.947731890255728	22.35729524693733	27.484523692184425	0.0
74.0	27.145841348370336	22.864428497391202	22.463236813740608	27.526493340497847	0.0
75.0	27.16746207628937	22.89628727588367	22.444223291247102	27.492027356579857	0.0
76.0	27.152709109003442	22.9036001691504	22.403779811963258	27.5399109098829	0.0
77.0	27.24014587632308	22.848912445590482	22.476781563878124	27.434160114208318	0.0
78.0	27.267998461112896	22.873521921192445	22.393732532518527	27.46474708517613	0.0
79.0	27.213374327929213	22.960513555878453	22.474746671838684	27.351365444353654	0.0
80.0	27.309459386416457	22.83511333394804	22.419168683011513	27.436258596623986	0.0
81.0	27.272386197072933	22.839946202541707	22.532741094962688	27.354544963165274	3.815422573947659E-4
82.0	27.30017519148652	22.828245573314934	22.569305561296353	27.302210083525956	6.359037623246098E-5
83.0	27.34589667199766	22.8648100396486	22.487973470095035	27.30125622788247	6.359037623246098E-5
84.0	27.339537634374413	22.809168460445196	22.530006708784693	27.321223606019462	6.359037623246098E-5
85.0	27.366245592392048	22.827164536918986	22.515062970370064	27.291526900318907	0.0
86.0	27.379790342529564	22.70322689364192	22.50902188462798	27.407960879200544	0.0
87.0	27.47771952192755	22.6826236117426	22.519832248587498	27.31982461774235	0.0
88.0	27.44325353800956	22.72961689977839	22.562310619910782	27.26481894230127	0.0
89.0	27.470088676779657	22.629334876459797	22.646949410676186	27.25362703608436	0.0
90.0	27.49705099630222	22.671940428535546	22.5245379364287	27.306470638733533	0.0
91.0	27.85411095884749	22.48651089144169	22.555887991911305	27.10349015779952	0.0
92.0	27.75516433342978	22.52193073100317	22.441361724316643	27.28154321125041	0.0
93.0	27.5712609653655	22.896668818141062	22.253070620292327	27.27899959620111	0.0
94.0	27.26119429085602	22.967762858768953	22.53439444474473	27.23664840563029	0.0
95.0	27.88501588169646	22.743479601797066	22.13612791840083	27.234931465472016	4.4513263362722685E-4
96.0	27.651130477913473	22.457577270255918	22.746277578351293	27.142916191063645	0.0020984824156712123
97.0	27.355308047680065	22.56326447555427	22.556396714921163	27.524649219587104	3.815422573947659E-4
98.0	27.806354586296912	21.940396740357315	21.97282783223587	28.279848527723818	5.723133860921488E-4
99.0	27.502774130163143	20.964729597822664	22.86322028024279	28.661009242861184	0.008266748910219928
100.0	10.81081081081081	35.13513513513514	45.94594594594595	8.108108108108109	0.0
101.0	13.513513513513514	43.24324324324324	27.027027027027028	16.216216216216218	0.0
102.0	13.513513513513514	40.54054054054054	29.72972972972973	16.216216216216218	0.0
103.0	13.513513513513514	45.94594594594595	32.432432432432435	8.108108108108109	0.0
104.0	13.513513513513514	32.432432432432435	35.13513513513514	18.91891891891892	0.0
105.0	13.513513513513514	37.83783783783784	37.83783783783784	10.81081081081081	0.0
106.0	2.7027027027027026	56.75675675675676	29.72972972972973	10.81081081081081	0.0
107.0	13.513513513513514	45.94594594594595	32.432432432432435	8.108108108108109	0.0
108.0	10.81081081081081	35.13513513513514	40.54054054054054	13.513513513513514	0.0
109.0	24.324324324324326	32.432432432432435	24.324324324324326	18.91891891891892	0.0
110.0	16.216216216216218	37.83783783783784	35.13513513513514	10.81081081081081	0.0
111.0	13.513513513513514	40.54054054054054	35.13513513513514	10.81081081081081	0.0
112.0	8.108108108108109	59.45945945945946	27.027027027027028	5.405405405405405	0.0
113.0	16.216216216216218	43.24324324324324	29.72972972972973	10.81081081081081	0.0
114.0	18.91891891891892	35.13513513513514	37.83783783783784	8.108108108108109	0.0
115.0	5.405405405405405	54.054054054054056	29.72972972972973	10.81081081081081	0.0
116.0	10.81081081081081	40.54054054054054	35.13513513513514	13.513513513513514	0.0
117.0	8.108108108108109	29.72972972972973	37.83783783783784	24.324324324324326	0.0
118.0	13.513513513513514	29.72972972972973	43.24324324324324	13.513513513513514	0.0
119.0	10.81081081081081	48.64864864864865	32.432432432432435	8.108108108108109	0.0
120.0	10.81081081081081	45.94594594594595	32.432432432432435	10.81081081081081	0.0
121.0	2.7027027027027026	43.24324324324324	37.83783783783784	16.216216216216218	0.0
122.0	16.216216216216218	45.94594594594595	27.027027027027028	10.81081081081081	0.0
123.0	8.108108108108109	35.13513513513514	35.13513513513514	21.62162162162162	0.0
124.0	8.108108108108109	37.83783783783784	35.13513513513514	18.91891891891892	0.0
125.0	13.513513513513514	32.432432432432435	40.54054054054054	13.513513513513514	0.0
126.0	10.81081081081081	32.432432432432435	45.94594594594595	10.81081081081081	0.0
127.0	10.81081081081081	48.64864864864865	29.72972972972973	10.81081081081081	0.0
128.0	5.405405405405405	37.83783783783784	35.13513513513514	21.62162162162162	0.0
129.0	16.216216216216218	37.83783783783784	27.027027027027028	18.91891891891892	0.0
130.0	16.216216216216218	43.24324324324324	32.432432432432435	8.108108108108109	0.0
131.0	10.81081081081081	37.83783783783784	40.54054054054054	10.81081081081081	0.0
132.0	2.7027027027027026	54.054054054054056	24.324324324324326	18.91891891891892	0.0
133.0	5.405405405405405	43.24324324324324	37.83783783783784	13.513513513513514	0.0
134.0	8.108108108108109	43.24324324324324	45.94594594594595	2.7027027027027026	0.0
135.0	18.91891891891892	51.35135135135135	24.324324324324326	5.405405405405405	0.0
136.0	5.405405405405405	37.83783783783784	43.24324324324324	13.513513513513514	0.0
137.0	21.62162162162162	24.324324324324326	40.54054054054054	13.513513513513514	0.0
138.0	5.405405405405405	51.35135135135135	32.432432432432435	10.81081081081081	0.0
139.0	8.108108108108109	48.64864864864865	29.72972972972973	13.513513513513514	0.0
140.0	10.81081081081081	43.24324324324324	37.83783783783784	8.108108108108109	0.0
141.0	16.216216216216218	29.72972972972973	43.24324324324324	10.81081081081081	0.0
142.0	5.405405405405405	48.64864864864865	40.54054054054054	5.405405405405405	0.0
143.0	8.108108108108109	40.54054054054054	37.83783783783784	13.513513513513514	0.0
144.0	8.108108108108109	35.13513513513514	48.64864864864865	8.108108108108109	0.0
145.0	10.81081081081081	48.64864864864865	35.13513513513514	5.405405405405405	0.0
146.0	2.7027027027027026	40.54054054054054	35.13513513513514	21.62162162162162	0.0
