# Position (bp)	A	C	G	T	N
0.0	27.989128533973652	23.475206304127607	20.591368071236847	27.932087676313166	0.01220941434873267
1.0	27.787037290222234	22.662199208041425	21.442465996463085	28.108170323873793	1.271813994659653E-4
2.0	27.073168095019767	23.13327911166336	21.93675650548756	27.856669106429848	1.271813994659653E-4
3.0	26.787327899720008	23.26885448349408	21.956151668906116	27.986076180386465	0.0015897674933245663
4.0	26.817151937894778	22.76057402052835	22.194807565004	28.227339295173405	1.271813994659653E-4
5.0	26.843287715485037	23.139765363036126	22.3822093571171	27.63473756436174	0.0
6.0	26.87069530706995	22.866706898382695	22.355119719030853	27.9074780755165	0.0
7.0	27.007733264994528	23.043234680841458	21.948202831439495	28.000829222724516	0.0
8.0	26.818805296087838	23.15267427508192	21.8631820658965	28.165338362933745	0.0
9.0	26.853335046042847	23.194771318305154	22.040091392553656	27.911802243098343	0.0
10.0	26.92233095525313	23.203419653468842	21.98343207909157	27.890817312186456	0.0
11.0	26.889708926290112	23.230064156656958	22.075575003004662	27.804651914048268	0.0
12.0	27.039019889263155	23.16590114062638	22.05300030459945	27.74207866551101	0.0
13.0	26.9519642213287	23.16011438695068	22.180754020363015	27.707167371357606	0.0
14.0	27.006588632399335	23.217981923707693	22.041172434449116	27.73425700944385	0.0
15.0	26.968624984658746	23.13366065586176	22.16275785233858	27.73482932574145	1.271813994659653E-4
16.0	26.95043804453511	23.166727819722908	22.15124793568691	27.731522609355334	6.359069973298265E-5
17.0	27.026238158616827	23.134932469856416	22.170897461904403	27.667868318922622	6.359069973298265E-5
18.0	27.00099265082283	23.084568635667896	22.225712645074232	27.688217342837174	5.087255978638612E-4
19.0	27.027319200512284	23.129272897580183	22.204155397864753	27.639252504042776	0.0
20.0	27.020006270042995	23.151148098288328	22.23010040335581	27.598745228312872	0.0
21.0	27.071196783328045	23.104408933984587	22.174522131789182	27.649872150898187	0.0
22.0	27.038383982265824	23.132134479068167	22.22908295216008	27.600398586505925	0.0
23.0	27.154373418578786	23.112230590051745	22.25471000415247	27.478685987217	0.0
24.0	27.089383723451675	23.00616130289713	22.26552042310708	27.638934550544114	0.0
25.0	27.035649582177307	23.06224830006162	22.296043958978913	27.606058158782158	0.0
26.0	27.081880020883187	22.97824498571435	22.31346781070575	27.626407182696717	0.0
27.0	27.180127651970643	22.981996836998594	22.2613234369247	27.576552074106058	0.0
28.0	27.269091040897088	23.002854586511013	22.190801350920825	27.53712584027161	1.271813994659653E-4
29.0	27.193163745415905	23.02727341520848	22.22927372425928	27.55028911511634	0.0
30.0	27.25471954275743	22.95147330112676	22.21522017961829	27.578586976497515	0.0
31.0	27.197424322298012	22.968960743553335	22.24205545490561	27.591559479243045	0.0
32.0	27.188267261536463	22.922603123447992	22.25127610636689	27.637853508648654	0.0
33.0	27.21611998801951	22.88120557792182	22.265202469608415	27.637471964450256	0.0
34.0	27.278311692358372	22.83503872991567	22.277093930458484	27.609555647267474	0.0
35.0	27.25967961733661	22.860475009808866	22.245234989892257	27.634228838763875	3.815441983978959E-4
36.0	27.28727798102072	22.888772871190042	22.242182636305074	27.578269022998846	0.003497488485314046
37.0	27.267437682704028	22.818060013086967	22.28574226562217	27.626152819897786	0.002607218689052289
38.0	27.321744140275996	22.84693019076574	22.188003360132573	27.642622811128625	6.994976970628092E-4
39.0	27.27176185028587	22.870267977567746	22.186095639140586	27.67123862600847	6.359069973298265E-4
40.0	27.308326502632337	22.866388944884033	22.242373408404273	27.58259319058069	3.1795349866491323E-4
41.0	27.27284289218133	22.854497484033963	22.175921127183308	27.696102589604067	6.359069973298265E-4
42.0	27.314558391206166	22.82155750157228	22.17255082009746	27.69063378942703	6.994976970628092E-4
43.0	27.29083906020577	22.791987826196443	22.273087716375308	27.643195127426225	8.902697962617571E-4
44.0	27.287087208921523	22.852971307240374	22.20002200238211	27.659029211659735	8.902697962617571E-4
45.0	27.3753511001509	22.861110916806197	22.13134404667049	27.63200316427322	1.9077209919894796E-4
46.0	27.37897577003568	22.82708989244905	22.158497275456472	27.6354370620588	0.0
47.0	27.338023359407636	22.867915121677623	22.12008849281775	27.67384584469752	1.271813994659653E-4
48.0	27.31862819598908	22.801653612555857	22.143680642418683	27.73603754903638	0.0
49.0	27.30222179545797	22.83669208810873	22.150484847290112	27.710601269143186	0.0
50.0	27.319582056485075	22.855514935229692	22.14571554481014	27.679187463475092	0.0
51.0	27.335606912817788	22.853225670039308	22.181008383161945	27.63015903398096	0.0
52.0	27.356083118131806	22.842796795283096	22.156017238166882	27.64510284841821	0.0
53.0	27.376940867644223	22.74378607579884	22.163012215137513	27.71626084141942	0.0
54.0	27.32199850307493	22.845149651173216	22.178846299371024	27.6537511835819	2.543627989319306E-4
55.0	27.37395210475678	22.755995490147573	22.172741592196658	27.69603899890433	0.001271813994659653
56.0	27.242510128408696	22.895831438860405	22.188257722931507	27.67251044000313	8.902697962617571E-4
57.0	27.30991627012566	22.850236907151857	22.16193117324205	27.677025379684174	8.902697962617571E-4
58.0	27.34781632716652	22.801208477657724	22.208225202647665	27.641732541332363	0.0010174511957277224
59.0	27.332872512729267	22.77958763974851	22.259034171734314	27.628060540889777	4.4513489813087856E-4
60.0	27.286069757725794	22.812527622210197	22.243963175897598	27.656294811571218	0.0011446325951936878
61.0	27.268200771100826	22.86588021928617	22.29896913116663	27.565678064451717	0.001271813994659653
62.0	27.304065925750226	22.80534187314037	22.208288793347393	27.678487965778032	0.003815441983978959
63.0	27.21980824860403	22.896403755158	22.253438190157812	27.625962047798584	0.004387758281575803
64.0	27.209379373847813	22.89449603416601	22.252865873860216	27.64243203902943	8.266790965287745E-4
65.0	27.265847915210706	22.878407587133566	22.28338940973205	27.572355087923683	0.0
66.0	27.24568966339535	22.895449894662008	22.25165765056529	27.607202791377354	0.0
67.0	27.228138630269044	22.857422656221683	22.306981559332982	27.607457154176284	0.0
68.0	27.20740806215609	22.930170416716216	22.316202210794266	27.546219310333424	0.0
69.0	27.249187151880662	22.885593336203396	22.26577478590601	27.59944472600993	0.0
70.0	27.202511578276656	22.908549578807	22.370508668366234	27.518302993150645	1.271813994659653E-4
71.0	27.201875671279325	22.86912334497255	22.399951162342603	27.528922640006055	1.271813994659653E-4
72.0	27.172496768002684	22.86905975427282	22.390730510881323	27.56771296684317	0.0
73.0	27.210460415743277	22.947467087043584	22.35779052841964	27.4842819687935	0.0
74.0	27.146360990412433	22.86397249829418	22.463033136477723	27.526633374815667	0.0
75.0	27.167727465522713	22.895640666761206	22.444591833555158	27.492040034160926	0.0
76.0	27.152974423184663	22.903335141428897	22.403703013626853	27.539987421759594	0.0
77.0	27.240157272518577	22.848901502457466	22.476450774121385	27.434490450902576	0.0
78.0	27.268200771100826	22.87338392185466	22.393528501669575	27.464886805374938	0.0
79.0	27.214021494928325	22.959867273491515	22.47447946242966	27.351631769150497	0.0
80.0	27.309598316627	22.83484795781647	22.418964781562767	27.436588943993762	0.0
81.0	27.272652120082135	22.839808032395645	22.53228340848694	27.35487489483688	3.815441983978959E-4
82.0	27.299932530267583	22.828298115743976	22.569038832932605	27.3026669303561	6.359069973298265E-5
83.0	27.345717834075327	22.865180721589105	22.48745196517519	27.30158588846064	6.359069973298265E-5
84.0	27.339676717600696	22.80896654302515	22.52948541769869	27.321807730975728	6.359069973298265E-5
85.0	27.366384811488548	22.827026301749317	22.514795966060372	27.291792920701763	0.0
86.0	27.380374765429806	22.70257930237187	22.508818440285474	27.40822749191285	0.0
87.0	27.478113670919402	22.682103097057848	22.519756040639543	27.320027191383208	0.0
88.0	27.443901874463055	22.728905852061324	22.56229821876091	27.264894054714713	0.0
89.0	27.470164833452777	22.62919563488001	22.647064621504974	27.253574910162236	0.0
90.0	27.496872927340632	22.671928585100574	22.52414379892112	27.307054688637677	0.0
91.0	27.85418906914026	22.486052969781063	22.55568478598868	27.104073175089997	0.0
92.0	27.755432712454937	22.5219817151302	22.44077639157118	27.281809180843688	0.0
93.0	27.571464818127417	22.896403755158	22.253056645959415	27.279074780755163	0.0
94.0	27.26171451972806	22.967053022561345	22.534318310878398	27.2369141468322	0.0
95.0	27.885348512009422	22.743086578101778	22.136176939850195	27.234942835140473	4.4513489813087856E-4
96.0	27.65114396489285	22.457500745600957	22.746202522388696	27.143054274026312	0.0020984930911884274
97.0	27.355828755332873	22.563061307157707	22.555811967388145	27.524916425922875	3.815441983978959E-4
98.0	27.806750407139457	21.939618086975543	21.97300320433536	28.280055985252044	5.723162975968439E-4
99.0	27.50304122521473	20.964136753071593	22.86340018199658	28.66115504875181	0.008266790965287745
100.0	16.0	36.0	30.0	18.0	0.0
101.0	28.000000000000004	28.000000000000004	32.0	12.0	0.0
102.0	30.0	30.0	24.0	16.0	0.0
103.0	16.0	32.0	34.0	18.0	0.0
104.0	26.0	28.000000000000004	30.0	16.0	0.0
105.0	24.0	34.0	26.0	16.0	0.0
106.0	22.0	36.0	34.0	8.0	0.0
107.0	24.0	40.0	18.0	18.0	0.0
108.0	20.0	38.0	28.000000000000004	14.000000000000002	0.0
109.0	20.0	40.0	26.0	14.000000000000002	0.0
110.0	16.0	42.0	32.0	10.0	0.0
111.0	20.0	38.0	28.000000000000004	14.000000000000002	0.0
112.0	16.0	34.0	28.000000000000004	22.0	0.0
113.0	20.0	30.0	34.0	16.0	0.0
114.0	22.0	28.000000000000004	28.000000000000004	22.0	0.0
115.0	18.0	24.0	34.0	24.0	0.0
116.0	12.0	28.000000000000004	34.0	26.0	0.0
117.0	20.0	26.0	38.0	16.0	0.0
118.0	16.0	26.0	36.0	22.0	0.0
119.0	38.0	24.0	20.0	18.0	0.0
120.0	18.0	28.000000000000004	38.0	16.0	0.0
121.0	18.0	28.000000000000004	40.0	14.000000000000002	0.0
122.0	16.0	48.0	28.000000000000004	8.0	0.0
123.0	24.0	40.0	18.0	18.0	0.0
124.0	18.0	24.0	40.0	18.0	0.0
125.0	16.0	44.0	32.0	8.0	0.0
126.0	18.0	40.0	26.0	16.0	0.0
127.0	24.0	30.0	36.0	10.0	0.0
128.0	32.0	30.0	30.0	8.0	0.0
129.0	20.0	42.0	24.0	14.000000000000002	0.0
130.0	14.000000000000002	34.0	32.0	20.0	0.0
131.0	26.0	34.0	32.0	8.0	0.0
132.0	18.0	40.0	26.0	16.0	0.0
133.0	18.0	26.0	36.0	20.0	0.0
134.0	26.0	32.0	28.000000000000004	14.000000000000002	0.0
135.0	16.0	44.0	28.000000000000004	12.0	0.0
136.0	14.000000000000002	38.0	32.0	16.0	0.0
137.0	18.0	28.000000000000004	30.0	24.0	0.0
138.0	10.0	14.000000000000002	46.0	30.0	0.0
139.0	18.0	36.0	38.0	8.0	0.0
140.0	22.0	30.0	34.0	14.000000000000002	0.0
141.0	12.0	36.0	40.0	12.0	0.0
142.0	22.0	36.0	22.0	20.0	0.0
143.0	14.000000000000002	42.0	30.0	14.000000000000002	0.0
144.0	12.0	38.0	32.0	18.0	0.0
145.0	20.0	30.0	30.0	20.0	0.0
146.0	24.0	28.000000000000004	24.0	24.0	0.0
