# Position (bp)	A	C	G	T	N
0.0	23.579691671573567	26.797794705984483	28.21858188201319	21.380082040496294	0.023849699932467043
1.0	28.490567320103132	22.547914108951115	25.691255130620355	23.263961188011635	0.00630225231376072
2.0	24.620428318367544	23.48386036433197	26.10800701156463	25.779857383737347	0.007846921998505995
3.0	23.462111415170757	24.40621352648707	27.941344566995102	24.18050639215209	0.009824099194979948
4.0	23.499307061179422	25.771886888164065	25.53437847743763	25.185221341897808	0.009206231321081837
5.0	23.25555818492662	27.891420842784136	24.74282794418676	24.109328013079026	8.650150234573539E-4
6.0	23.48923581483488	26.409341173664743	25.07314010957269	25.02655287188077	0.0017300300469147078
7.0	24.003116525555942	25.779301302650836	24.72979093204751	25.48760587938354	1.8536036216943298E-4
8.0	23.380491069028817	26.343229311157646	25.364711959265207	24.910702645524875	8.650150234573539E-4
9.0	23.75566044205975	25.908250327933374	25.54642690097864	24.783792584226205	0.005869744802032044
10.0	23.93076419752247	25.75131188796325	25.531659858792477	24.77891142802241	0.007352627699387508
11.0	23.73323183823725	26.025707010761405	25.816311588297335	24.416964427492896	0.007785135211116184
12.0	23.996196405368284	25.801359185749	25.65801383900464	24.5333707349353	0.011059834942776167
13.0	23.953192801344976	25.87086932156254	25.5551388380006	24.610542432385174	0.010256606706708624
14.0	23.820845502756	25.97837833162081	25.72196316395309	24.46762959315254	0.011183408517555789
15.0	24.00083041442252	25.99598756602691	25.469502350678326	24.518356545599577	0.015323123272673126
16.0	23.871510668415645	25.876924426726738	25.460296119357245	24.771311653173463	0.019957132326908947
17.0	23.825417725022845	26.14328726716422	25.678835986355008	24.328485747950687	0.023973273507246665
18.0	23.96765090959419	25.972199652881827	25.498603927538927	24.541897311595093	0.019648198389959896
19.0	23.94824985835379	25.773987638935314	25.453499572744363	24.812832374299415	0.011430555667115032
20.0	23.85309820577348	26.041153707608856	25.737409860800547	24.366793556132368	0.0015446696847452748
21.0	24.08788799785476	25.922646649395197	25.550443042158978	24.43821908235499	8.032282360675428E-4
22.0	24.089926961838625	25.79876414067863	25.531598072005085	24.578227942580302	0.0014828828973554638
23.0	23.809538520663665	26.07927615542837	25.882299877229652	24.227278990206177	0.0016064564721350856
24.0	24.07281202173165	25.88569815053609	25.46795768099358	24.57254355814044	9.885885982369757E-4
25.0	24.04321615057193	25.782267068445545	25.569411585887654	24.60504340830748	6.178678738981098E-5
26.0	23.809538520663665	25.916529757443605	25.868150702917386	24.40565744540056	1.2357357477962196E-4
27.0	24.042412922335863	25.754092293395797	25.64664507012491	24.55629363305692	5.560810865082989E-4
28.0	24.082883268076188	25.718194169922313	25.52671691580129	24.668436652169426	0.0037689940307784704
29.0	23.890726359293875	25.980046574880333	25.81075077743225	24.31680804513401	0.0016682432595248966
30.0	24.225301813009704	25.669135460734804	25.691934785281646	24.410044307305238	0.003583633668609037
31.0	24.185140401206326	25.52344221606963	25.708431857514725	24.58298552520932	0.0
32.0	23.84043191435857	25.94167697991126	25.95471399205051	24.263177113679657	0.0
33.0	24.21640451562557	25.773802278573143	25.582819318751238	24.426973887050046	0.0
34.0	24.07169985955863	25.77126902029016	25.56626045973077	24.589967432184366	8.032282360675428E-4
35.0	23.96771269638158	25.946681709689834	25.73697735328882	24.348442880277595	1.8536036216943298E-4
36.0	24.26917043205647	25.682913914322736	25.603826826463777	24.443903466794854	1.8536036216943298E-4
37.0	24.035122081423864	25.718750251008828	25.646274349400578	24.597320059883753	0.0025332582829822505
38.0	23.92174332656356	25.96052195006515	25.77262832961274	24.34442673909726	6.796546612879208E-4
39.0	24.159931391951282	25.60846083551801	25.636141316268645	24.593303918703416	0.0021625375586433846
40.0	24.237597383700273	25.592766991521	25.641763913921118	24.525894533661134	0.0019771771964739514
41.0	23.955849633202735	25.97553613940088	25.848687864889598	24.21974100214462	1.8536036216943298E-4
42.0	24.197683119046456	25.610190865564924	25.688474725187817	24.499388001870905	0.0042632883298969575
43.0	24.139047457813525	25.670803703994334	25.673151601915144	24.510262476451512	0.006734759825489398
44.0	23.917232891084105	26.00507022377321	25.717576302048418	24.357278390874338	0.0028421922199313057
45.0	24.13855316351441	25.715351977702383	25.59560918374093	24.54962066001882	8.650150234573539E-4
46.0	24.17729347920782	25.604135760400727	25.704477503121776	24.512486800797546	0.0016064564721350856
47.0	24.057736045608536	25.948720673673698	25.771145446715384	24.221903539703263	4.942942991184878E-4
48.0	24.44810496833736	25.469378777103547	25.63404056549739	24.447487100463462	9.885885982369757E-4
49.0	24.256813074578506	25.652514814926946	25.728265416266854	24.361047384905117	0.0013593093225758416
50.0	23.96740376244463	25.850047174212172	25.8668531803822	24.315016228299708	6.796546612879208E-4
51.0	24.145473283702064	25.689339740211274	25.717514515261026	24.44612779114089	0.0015446696847452748
52.0	24.24315819456536	25.59591811767788	25.682481406811004	24.47714475841057	0.0012975225351860309
53.0	24.043154363784538	25.74309424524041	25.992836439870025	24.21980278893201	0.0011121621730165979
54.0	24.22931795419004	25.67142157186823	25.66376001023189	24.433523286513363	0.0019771771964739514
55.0	24.236732368676815	25.649796196281795	25.774667293596604	24.3375066189096	0.0012975225351860309
56.0	24.041362546950236	25.656716316469453	26.11257923383148	24.185696482292833	0.0036454204559988484
57.0	24.311679741780658	25.60944942411625	25.702994620224423	24.368276439029728	0.0075997748489467516
58.0	24.234199110393835	25.672904454765582	25.685447172605713	24.402135598519344	0.005313663715523745
59.0	24.087393703555644	25.659743869051553	26.01687150016466	24.235743780078582	2.471471495592439E-4
60.0	24.341955267601666	25.509849122843875	25.648375100171826	24.49778154539877	0.0020389639838637626
61.0	24.26218852508142	25.6425053553698	25.7128187194194	24.380448436145517	0.0020389639838637626
62.0	24.0700934030865	25.746430731759457	25.996914367837753	24.18619077659195	3.7072072433886596E-4
63.0	24.40578101897534	25.594188087630965	25.749643644703728	24.248410071493492	0.0019771771964739514
64.0	24.216466302412957	25.64825152659705	25.673769469789043	24.46138912762617	1.2357357477962196E-4
65.0	24.120078914084857	25.763731032228605	26.043995899828786	24.071761646346022	4.3250751172867695E-4
66.0	24.39879911200029	25.564839363620806	25.718750251008828	24.31699340549618	6.178678738981099E-4
67.0	24.331513300532787	25.561070369590027	25.807661438062762	24.299754891814423	0.0
68.0	24.066880490142225	25.746801452483798	26.098491846306604	24.087826211067373	0.0
69.0	24.44075234063797	25.670247622907823	25.63799491989034	24.251005116563864	0.0
70.0	24.258110597113692	25.701944244838792	25.65455377891081	24.38261097370416	0.0027804054325414945
71.0	24.09900961958493	25.65109371881698	26.09274567507935	24.155544530046605	0.0016064564721350856
72.0	24.390766829639617	25.55087554967071	25.786592143562835	24.26849077739518	0.0032746997316599824
73.0	24.36382779033766	25.53715888287017	25.7692300563063	24.329350762974144	4.3250751172867695E-4
74.0	24.130088373642003	25.802594921496798	26.01761294161334	24.0494566160983	2.471471495592439E-4
75.0	24.398181244126395	25.522391840684005	25.88211451686748	24.19731239832212	0.0
76.0	24.258110597113692	25.5072540777735	25.891197174613783	24.34275849583773	6.796546612879208E-4
77.0	24.14417576116688	25.8698807329643	25.99567863208996	23.988658417306727	0.0016064564721350856
78.0	24.407325688660087	25.56737262190379	25.84436278977231	24.178220281018667	0.0027186186451516833
79.0	24.285729291076937	25.579977126531304	25.89335971217243	24.23975992125892	0.0011739489604064087
80.0	24.0524841686804	25.80278028185897	26.06352052464397	24.079484994769746	0.0017300300469147078
81.0	24.505010599523377	25.391650998567165	25.76817968092067	24.32335744459733	0.011801276391453898
82.0	24.26280639295532	25.542843267310033	25.956752956034375	24.218196332459875	0.01940105124040065
83.0	24.02894340268488	25.708802578239066	26.185734790101016	24.051928087593893	0.024591141381144776
84.0	24.513351815821004	25.49186916771344	25.86147772987929	24.112417352448517	0.020883934137756115
85.0	24.243467128502306	25.436508206212167	26.098615419881384	24.20546825425757	0.015940991146571236
86.0	24.243714275651865	25.708431857514725	26.043501605529674	23.992365624550118	0.011986636753623332
87.0	24.434635448686382	25.492301675225164	25.85752337548634	24.20386179778544	0.011677702816674277
88.0	24.207445431454047	25.571883057383243	25.936981184069634	24.272754065725078	0.010936261367996544
89.0	24.302782444396527	25.800185236788593	26.023853407139715	23.864899482164933	0.008279429510234674
90.0	24.684810150827726	25.484392966439273	25.771330807077554	24.051433793294773	0.008032282360675429
91.0	24.58292373842193	25.44800054866667	25.930061063881976	24.03314490422739	0.005869744802032044
92.0	24.738502869069475	25.427919842764986	26.340881413236833	23.492016220267427	6.796546612879208E-4
93.0	25.49699747106679	24.637234324537573	25.681739965362326	24.18384287867114	1.8536036216943298E-4
94.0	24.79886856034932	25.042679223389513	26.408599732216064	23.748493174722533	0.0013593093225758416
95.0	23.79143499195845	24.825436878926936	27.958088786377743	23.424297901288192	7.414414486777319E-4
96.0	25.135791911985955	25.487173371871812	25.709296872538186	23.656925155810832	0.010812687793216922
97.0	23.894309992962484	27.988117165049193	24.46478740093261	23.641169525026427	0.011615916029284466
98.0	25.494958507082927	26.035840043893334	23.45784812684086	25.001405649413115	0.009947672769759568
99.0	22.994817942141616	25.666293268514874	22.590361631887916	28.740433088307533	0.00809406914806524
100.0	21.13695103211739	28.27647610179744	26.837523610276133	23.7262499312622	0.022799324546840253
