# Position (bp)	A	C	G	T	N
0.0	27.989713633822916	23.474675482825216	20.591109949528384	27.932291597114784	0.012209336708706213
1.0	27.786987772222105	22.661991508151957	21.442584004369923	28.108309534665292	1.271805907156897E-4
2.0	27.07312311653494	23.13338636763966	21.93693496048181	27.856428374752873	1.271805907156897E-4
3.0	26.787093968015352	23.269406009410094	21.95613922967988	27.985771035510727	0.0015897573839461212
4.0	26.817044997128896	22.76074723684269	22.1946028372718	28.227477748165896	1.271805907156897E-4
5.0	26.8434349697024	23.139681806880088	22.382067027986725	27.634816195430783	0.0
6.0	26.87077879670628	22.86668866890886	22.355486284527146	27.907046249857714	0.0
7.0	27.007561522021	23.04378764148046	21.948571984532297	28.000078851966244	0.0
8.0	26.81844398362677	23.15297217860988	21.86291585668528	28.165667981078073	0.0
9.0	26.8535458266643	23.194369460887835	22.04020560014295	27.91187911230491	0.0
10.0	26.9220325747647	23.20390800519151	21.983864598455902	27.890194821587887	0.0
11.0	26.890110246495063	23.22959848451608	22.075816165543344	27.804475103445515	0.0
12.0	27.039102308518494	23.165690237681446	22.053114430100592	27.742093023699464	0.0
13.0	26.95147488151538	23.160603014052818	22.180612972293073	27.707309132138725	0.0
14.0	27.006734848181353	23.21815223135167	22.040714322505814	27.734398597961167	0.0
15.0	26.969025803034146	23.133640728821092	22.162235376934657	27.73497091061939	1.271805907156897E-4
16.0	26.950075895017513	23.167089224179318	22.151552207314538	27.731219083193277	6.359029535784485E-5
17.0	27.026320659151565	23.13516689590968	22.170947247398683	27.667501607244716	6.359029535784485E-5
18.0	27.00139326337129	23.085121333463057	22.225062588748205	27.687914092054584	5.087223628627588E-4
19.0	27.02733810387729	23.12912581785069	22.20452292334762	27.639013154924402	0.0
20.0	27.020215990797215	23.15106446974914	22.230086222081475	27.59863331737217	0.0
21.0	27.071406178560274	23.104325602661127	22.174571894234077	27.64969632454452	0.0
22.0	27.038148454088123	23.132559693800008	22.22881441617432	27.60047743593755	0.0
23.0	27.15515459754656	23.112528750762287	22.253614631363877	27.478702020327272	0.0
24.0	27.08959300303262	23.006396547810045	22.265188065119006	27.638822384038324	0.0
25.0	27.036113564636672	23.062483188315667	22.295647816595412	27.60575543045225	0.0
26.0	27.08189857729432	22.978353227557236	22.313262328409536	27.626485866738903	0.0
27.0	27.180145583622195	22.982168645278705	22.260800334739315	27.576885436359788	0.0
28.0	27.26910840682782	23.00270831067929	22.191105371027117	27.53695073087506	1.271805907156897E-4
29.0	27.192800052398404	23.026999803505987	22.23021340267219	27.549986741423417	0.0
30.0	27.255118541849093	22.951263761734793	22.21520609296774	27.578411603448377	0.0
31.0	27.19725137307345	22.96913263473035	22.242104787904108	27.59151120429209	0.0
32.0	27.18790359965585	22.92271171911912	22.251388971026355	27.637995710198677	0.0
33.0	27.2158833296133	22.881505207727237	22.265124474823647	27.637486987835814	0.0
34.0	27.278710541426854	22.834639160048507	22.27688867946485	27.609761619059793	0.0
35.0	27.259951404296288	22.860011687896286	22.24509353178593	27.63456183424935	3.8154177214706915E-4
36.0	27.286722918641942	22.88881809169339	22.24293146174376	27.57803006167623	0.003497466244681467
37.0	27.26726428826244	22.818487225027614	22.28598209170102	27.625659192899256	0.002607202109671639
38.0	27.321379629611965	22.847357219120077	22.187798675668507	27.642764982350513	6.994932489362934E-4
39.0	27.271906379823562	22.8702497254489	22.18576378621706	27.6714442055569	6.359029535784486E-4
40.0	27.308661570540398	22.866561488318148	22.242295558790182	27.58216343087449	3.179514767892243E-4
41.0	27.272860234253933	22.85454292249551	22.176034471027307	27.695926469269672	6.359029535784486E-4
42.0	27.31444828741796	22.821475968909432	22.172664185373343	27.690712065050327	6.994932489362934E-4
43.0	27.29098346843092	22.791970071863393	22.273009671448023	27.64314652412266	8.90264135009828E-4
44.0	27.286722918641942	22.853525477769786	22.199944422081856	27.658916917371407	8.90264135009828E-4
45.0	27.375113429189348	22.86102913262201	22.131203312800025	27.63246335450254	1.9077088607353458E-4
46.0	27.378992437206172	22.826499602242702	22.158737910689975	27.63577004986115	0.0
47.0	27.338294648177154	22.867769703929945	22.120329372293835	27.673479095008354	1.271805907156897E-4
48.0	27.318836017797654	22.80150861616707	22.143285468918016	27.736369897117264	0.0
49.0	27.301920999232465	22.836737639795317	22.15078912377024	27.710552237201973	0.0
50.0	27.31947192075123	22.85543318663052	22.146019851618405	27.679075040999845	0.0
51.0	27.335814626658195	22.852698803930135	22.18156682672344	27.62991974268823	0.0
52.0	27.35578197940056	22.843478211103246	22.15581275710351	27.64492705239268	0.0
53.0	27.377657041003655	22.742941954142495	22.163316411955737	27.71608459289811	0.0
54.0	27.321951942270182	22.84519514907791	22.178959624613768	27.653638922856704	2.543611814313794E-4
55.0	27.37447752623577	22.75604155498621	22.172346233896555	27.695862878974314	0.0012718059071568971
56.0	27.24246407307288	22.895813024182754	22.18868893980352	27.67214369880584	8.90264135009828E-4
57.0	27.3098697861522	22.850282372706538	22.161599473981077	27.677358103025178	8.90264135009828E-4
58.0	27.348469095434407	22.800809122918135	22.207766028410873	27.64193830851086	0.0010174447257255176
59.0	27.332953063367093	22.779315603087184	22.259337757946085	27.627948443532134	4.45132067504914E-4
60.0	27.285959835097646	22.81238255667326	22.244330448241634	27.65618253467102	0.0011446253164412072
61.0	27.268218142692806	22.86548045329706	22.29927246343081	27.565757134672165	0.0012718059071568971
62.0	27.303955888683916	22.805451214479255	22.208529111955166	27.67824836716019	0.0038154177214706907
63.0	27.219571566744055	22.896512517431688	22.25393258284067	27.625595602603898	0.004387730379691294
64.0	27.209206348600727	22.89492276004774	22.253105909001015	27.64193830851086	8.26673839651983E-4
65.0	27.266119662945997	22.878389283254705	22.283692841068138	27.571798212731156	0.0
66.0	27.2458979490222	22.895813024182754	22.250943838958847	27.607345187836195	0.0
67.0	27.22771112454986	22.8577224372634	22.307221250350544	27.607345187836195	0.0
68.0	27.207489410626067	22.93040614485742	22.315678759633133	27.54642568488338	0.0
69.0	27.249331824971527	22.885638576925498	22.265696787481872	27.599332810621107	0.0
70.0	27.202656548178872	22.90834031236825	22.370875136003747	27.518000822858426	1.271805907156897E-4
71.0	27.20157551315779	22.869168690427816	22.400381033049786	27.5287475827739	1.271805907156897E-4
72.0	27.17245115788389	22.86935946131389	22.390842488746106	27.56734689205611	0.0
73.0	27.21073251568932	22.947639114899395	22.356948861320376	27.48467950809091	0.0
74.0	27.146315546491817	22.863827105617755	22.463144654567976	27.526712693322448	0.0
75.0	27.167618295436696	22.895749433887396	22.44451269802813	27.492119572647777	0.0
76.0	27.152801756618317	22.903380269330338	22.403560547817676	27.540257426233666	0.0
77.0	27.240111232144642	22.84875620561795	22.476498616593123	27.434633945644286	0.0
78.0	27.268345323283523	22.87349283051215	22.393386100560424	27.464775745643905	0.0
79.0	27.21429357222935	22.959657680722028	22.474527317437033	27.351521429611587	0.0
80.0	27.309297473493977	22.83514788241137	22.41888580899892	27.43666883509574	0.0
81.0	27.272987414844646	22.83934484190499	22.532521666803383	27.354764534674835	3.8154177214706915E-4
82.0	27.300267651553163	22.82783499844522	22.569340447815577	27.302493311890686	6.359029535784485E-5
83.0	27.345861893324734	22.8649717309342	22.487754098871463	27.301348686574244	6.359029535784485E-5
84.0	27.340075176447172	22.80939381279144	22.529278561740135	27.321188858725893	6.359029535784485E-5
85.0	27.36646514902068	22.826499602242702	22.51497074528462	27.292064503452	0.0
86.0	27.380009881931898	22.70319801954384	22.508675306044193	27.408116792480065	0.0
87.0	27.47762098530619	22.682467583257186	22.51999437861789	27.319917052818738	0.0
88.0	27.443790948175817	22.72914286004984	22.562091154144785	27.264975037629558	0.0
89.0	27.470753233407542	22.628670193384448	22.646984198447505	27.253592374760505	0.0
90.0	27.497270386571763	22.67165723304635	22.5245092895883	27.30656309079359	0.0
91.0	27.854711436778214	22.48635511237359	22.55535058283685	27.103582868011344	0.0
92.0	27.755129034247826	22.52202926806934	22.440760870602016	27.28208082708082	0.0
93.0	27.57122590007294	22.89683046890848	22.252978728410298	27.278964902608283	0.0
94.0	27.26166834227095	22.967224925869616	22.534365785368763	27.236740946490674	0.0
95.0	27.885489139731405	22.742878363847137	22.13609976554258	27.23508759881137	4.45132067504914E-4
96.0	27.65103172074703	22.457612298871847	22.746185059205747	27.14307244142857	0.00209847974680888
97.0	27.3557183891052	22.56310859887051	22.555859305199714	27.52493216505243	3.8154177214706915E-4
98.0	27.806573583192325	21.940432426726492	21.97229116470077	28.28013051272219	5.723126582206036E-4
99.0	27.502866332563254	20.96444857357429	22.86319120266418	28.661227152801754	0.00826673839651983
100.0	28.846153846153843	28.846153846153843	28.846153846153843	13.461538461538462	0.0
101.0	25.0	26.923076923076923	25.0	23.076923076923077	0.0
102.0	25.0	17.307692307692307	34.61538461538461	23.076923076923077	0.0
103.0	25.0	28.846153846153843	34.61538461538461	11.538461538461538	0.0
104.0	30.76923076923077	23.076923076923077	28.846153846153843	17.307692307692307	0.0
105.0	15.384615384615385	34.61538461538461	36.53846153846153	13.461538461538462	0.0
106.0	25.0	32.69230769230769	28.846153846153843	13.461538461538462	0.0
107.0	23.076923076923077	30.76923076923077	32.69230769230769	13.461538461538462	0.0
108.0	28.846153846153843	30.76923076923077	23.076923076923077	17.307692307692307	0.0
109.0	32.69230769230769	36.53846153846153	21.153846153846153	9.615384615384617	0.0
110.0	21.153846153846153	42.30769230769231	23.076923076923077	13.461538461538462	0.0
111.0	17.307692307692307	28.846153846153843	25.0	28.846153846153843	0.0
112.0	25.0	30.76923076923077	26.923076923076923	17.307692307692307	0.0
113.0	25.0	26.923076923076923	25.0	23.076923076923077	0.0
114.0	15.384615384615385	46.15384615384615	21.153846153846153	17.307692307692307	0.0
115.0	30.76923076923077	30.76923076923077	23.076923076923077	15.384615384615385	0.0
116.0	30.76923076923077	19.230769230769234	30.76923076923077	19.230769230769234	0.0
117.0	23.076923076923077	28.846153846153843	40.38461538461539	7.6923076923076925	0.0
118.0	21.153846153846153	32.69230769230769	28.846153846153843	17.307692307692307	0.0
119.0	26.923076923076923	38.46153846153847	9.615384615384617	25.0	0.0
120.0	25.0	23.076923076923077	30.76923076923077	21.153846153846153	0.0
121.0	19.230769230769234	32.69230769230769	28.846153846153843	19.230769230769234	0.0
122.0	26.923076923076923	38.46153846153847	11.538461538461538	23.076923076923077	0.0
123.0	15.384615384615385	42.30769230769231	23.076923076923077	19.230769230769234	0.0
124.0	26.923076923076923	19.230769230769234	36.53846153846153	17.307692307692307	0.0
125.0	26.923076923076923	32.69230769230769	36.53846153846153	3.8461538461538463	0.0
126.0	25.0	26.923076923076923	28.846153846153843	19.230769230769234	0.0
127.0	32.69230769230769	23.076923076923077	21.153846153846153	23.076923076923077	0.0
128.0	23.076923076923077	32.69230769230769	21.153846153846153	23.076923076923077	0.0
129.0	21.153846153846153	26.923076923076923	34.61538461538461	17.307692307692307	0.0
130.0	26.923076923076923	30.76923076923077	28.846153846153843	13.461538461538462	0.0
131.0	32.69230769230769	21.153846153846153	15.384615384615385	30.76923076923077	0.0
132.0	23.076923076923077	28.846153846153843	28.846153846153843	19.230769230769234	0.0
133.0	28.846153846153843	19.230769230769234	30.76923076923077	21.153846153846153	0.0
134.0	30.76923076923077	25.0	25.0	19.230769230769234	0.0
135.0	32.69230769230769	23.076923076923077	30.76923076923077	13.461538461538462	0.0
136.0	26.923076923076923	17.307692307692307	28.846153846153843	26.923076923076923	0.0
137.0	26.923076923076923	23.076923076923077	36.53846153846153	13.461538461538462	0.0
138.0	28.846153846153843	25.0	30.76923076923077	15.384615384615385	0.0
139.0	21.153846153846153	28.846153846153843	23.076923076923077	26.923076923076923	0.0
140.0	34.61538461538461	38.46153846153847	17.307692307692307	9.615384615384617	0.0
141.0	36.53846153846153	25.0	25.0	13.461538461538462	0.0
142.0	17.307692307692307	26.923076923076923	34.61538461538461	21.153846153846153	0.0
143.0	23.076923076923077	34.61538461538461	28.846153846153843	13.461538461538462	0.0
144.0	44.230769230769226	23.076923076923077	17.307692307692307	15.384615384615385	0.0
145.0	19.230769230769234	36.53846153846153	28.846153846153843	15.384615384615385	0.0
146.0	28.846153846153843	19.230769230769234	30.76923076923077	21.153846153846153	0.0
