# Position (bp)	A	C	G	T	N
0.0	25.462719207021756	26.331465381484097	24.750857217563897	23.43243580524968	0.02252238868056835
1.0	24.881118631779746	24.80321137172638	25.785817431972287	24.52337514930739	0.0064774152142003955
2.0	23.962038781295124	25.475792889105463	25.851661249012047	24.701949761405302	0.008557319182062909
3.0	23.98319437593967	25.475436334139545	25.989172614201582	24.541500026741623	0.010696648977578636
4.0	23.965782608437276	25.380176732411442	26.165310767365714	24.479400036844012	0.009329854941554697
5.0	23.72142360512726	26.240603291002333	26.07522121264344	23.962335910433392	4.1598079357250245E-4
6.0	23.718927720365826	25.882919234357637	25.96373835996601	24.433404446240424	0.0010102390701046489
7.0	23.675249737040712	26.19858923085151	25.56374311403222	24.56194251145433	4.754066212257171E-4
8.0	23.502439430225163	26.2621154406128	25.74303083606197	24.491998312306496	4.1598079357250245E-4
9.0	23.688561122435033	26.12852618004837	25.874243063520268	24.30296475454162	0.005704879454708605
10.0	23.67673538273204	26.085739584138057	25.81535206831593	24.414685310529663	0.0074876542843050455
11.0	23.575176643272698	26.243158601591425	25.910076837595152	24.264040837428762	0.00754708011195826
12.0	23.693552891957903	26.187179471942095	25.794850157775574	24.314017958485117	0.010399519839312562
13.0	23.70591346410977	26.0661290610125	25.88280038270233	24.334519869025474	0.01063722314992542
14.0	23.56079559298062	26.239474200276923	25.96415434075958	24.224582087867027	0.010993778115844708
15.0	23.67477433041949	26.111352115856594	25.872044307897095	24.326913363085865	0.014915882740956874
16.0	23.659145337746693	26.15806081639202	25.849462493388874	24.313423700208585	0.019907652263826906
17.0	23.629491849747737	26.198292101713243	25.968135871212343	24.181260659507835	0.02281951781883442
18.0	23.63198773450917	26.15176167866078	25.957914628855995	24.23943854478033	0.018897413193722255
19.0	23.685233276086453	26.14991947800353	25.89646832306257	24.257266293076295	0.011112629771151137
20.0	23.621112808048633	26.188783969288732	25.977525151981556	24.21031988923026	0.0022581814508221562
21.0	23.751790203058054	26.069397481533425	25.9617178818258	24.215787065374354	0.001307368208370722
22.0	23.70240734027823	26.09744647218574	25.973484195701136	24.223987829590495	0.002674162244394659
23.0	23.660690409265676	26.129179864152558	26.094178051664812	24.11440660339797	0.0015450715189835806
24.0	23.808185313500953	26.0615532722832	25.931767264688578	24.19784046542308	6.53684104185361E-4
25.0	23.835580620049086	25.951258936158833	25.99273816386078	24.220362854103648	5.9425827653214634E-5
26.0	23.74287632891007	26.064762266976473	26.072665902054347	24.119695502059106	0.0
27.0	23.833738419391835	26.014488016781854	25.917148511085884	24.23456562691277	5.9425827653214634E-5
28.0	23.776986753983014	26.00997165388021	26.03160265514598	24.17822994229752	0.003208994693273591
29.0	23.759159005687053	26.10986647016526	26.04693451868051	24.0826137856035	0.0014262198636771513
30.0	23.853646071655664	25.964570321553154	25.96754161293581	24.21133012830036	0.0029118655550075174
31.0	23.813355360506783	25.983646012229833	25.97395960232236	24.22903902494102	0.0
32.0	23.758089340789294	26.067911835842096	26.11652216286242	24.05747666050619	0.0
33.0	23.934286919781076	25.968373574522957	25.9673039096252	24.130035596070766	0.0
34.0	23.90980347878795	25.964748599036113	25.953695395092613	24.17115826880679	5.942582765321464E-4
35.0	23.82423028696732	25.997373378417727	26.071477385501286	24.106443542492435	4.754066212257171E-4
36.0	23.982837820973753	25.866577131753004	25.963857211621317	24.18649013234132	2.3770331061285854E-4
37.0	23.830054018077337	25.903421144897997	25.980734146674827	24.283532508899018	0.0022581814508221562
38.0	23.79956856849124	25.990004575788728	26.115987330413542	24.09372641537465	7.131099318385757E-4
39.0	23.8950064477023	25.894388419094703	26.024174426689328	24.183934821752228	0.0024958847614350147
40.0	23.927036968807382	25.86265502712789	25.983883715540447	24.224522662039373	0.0019016264849028683
41.0	23.822804067103647	25.900865834308906	26.093048960939402	24.182984008509777	2.971291382660732E-4
42.0	23.99002834611979	25.850235029148365	25.982576347332078	24.171633675428016	0.005526601971748962
43.0	23.87040415505387	25.90128181510248	26.04140791670876	24.17912132971232	0.007784783422571118
44.0	23.85358664582801	25.952625730194857	26.07771709740487	24.11256440274072	0.0035061238315396643
45.0	23.964594091884216	25.825038478223405	26.054243895481854	24.15523214699573	8.913874147982195E-4
46.0	23.97558787000006	25.903896551519225	25.927013198476324	24.19183845683011	0.0016639231742900098
47.0	23.967921938232795	25.88921837208888	26.044557485574384	24.097707945827416	5.942582765321464E-4
48.0	23.970655526304842	25.813391016003372	26.086809249035813	24.127302007998715	0.0018422006572496538
49.0	23.927928356222182	25.84542153710846	26.090315372867355	24.135205643076592	0.0011290907254110781
50.0	23.933157829055666	25.912453870701285	26.04895499682072	24.105136174284066	2.971291382660732E-4
51.0	23.990087771947444	25.813212738520413	26.027502273037907	24.16800869994117	0.0011885165530642929
52.0	24.00262662158227	25.817015991490223	26.00070122476631	24.178586497263442	0.0010696648977578636
53.0	23.83974042798481	25.87156890127587	26.163468566708463	24.124924974892586	2.971291382660732E-4
54.0	23.960850264742064	25.866398854270045	26.02815595714209	24.143228129809778	0.0013667940360239368
55.0	24.00536020965432	25.79021494321862	26.034633372356293	24.169018939011274	7.725357594917903E-4
56.0	23.896670370876592	25.829198286159134	26.188486840150464	24.082970340569418	0.002674162244394659
57.0	24.041847667833395	25.7999013531261	26.083481402687237	24.06823273531142	0.00653684104185361
58.0	23.96964528723474	25.839954360964363	26.07878676230263	24.107453781562544	0.004159807935725025
59.0	23.90403917350559	25.850591584114284	26.174343493169	24.07096632338347	5.9425827653214634E-5
60.0	23.952352371387654	25.850829287424897	26.08526417751683	24.11000909215163	0.0015450715189835806
61.0	23.92442223239064	25.807448433238058	26.102319390053303	24.16373004035014	0.0020799039678625125
62.0	23.89316424704505	25.889931482020717	26.158120242219674	24.05842747374864	3.5655496591928783E-4
63.0	24.091171104785563	25.75741188635405	26.040575955121614	24.108226317322035	0.002614736416741444
64.0	23.967565383266876	25.833060964956587	26.127991347599494	24.07114460086643	2.3770331061285854E-4
65.0	23.93785246944027	25.87370823107139	26.153722730973332	24.034478865204395	2.3770331061285854E-4
66.0	24.060982784337728	25.861941917196052	26.046161982921017	24.02996250230275	9.508132424514342E-4
67.0	23.963227297848192	25.8249196265681	26.1631714375702	24.048681638013512	0.0
68.0	23.980995620316502	25.855583353637158	26.153722730973332	24.009698295073004	0.0
69.0	24.007083558656266	25.84655062783387	26.12032541583223	24.02604039767764	0.0
70.0	23.935178307195873	25.85380057880756	26.16947057530144	24.038103840691242	0.003446698003886449
71.0	23.882883578861044	25.892130237643883	26.188130285184545	24.035013697653273	0.0018422006572496538
72.0	24.012134754006787	25.84690718279979	26.171431627613995	23.965485479299012	0.0040409562804185955
73.0	23.96988299054535	25.780825662449413	26.184921290491275	24.06377579823743	5.942582765321464E-4
74.0	23.96180107798451	25.929687360720717	26.230916881094863	23.87741640271695	1.7827748295964392E-4
75.0	23.962573613744006	25.79609810015629	26.22140874867035	24.019919537429356	0.0
76.0	23.92757180125626	25.842390819898142	26.242504917487235	23.986997628909474	5.348324488789318E-4
77.0	23.89126262056015	25.89016918533133	26.2945025166838	23.92293658669931	0.0011290907254110781
78.0	24.00631102289677	25.851304694046128	26.23519554068589	23.905168264231	0.0020204781402092978
79.0	23.96911045478586	25.775358486305315	26.295393904098603	23.959186341567772	9.508132424514342E-4
80.0	23.879971713306038	25.8738270827267	26.397368624351515	23.847287508096766	0.0015450715189835806
81.0	24.123023348407685	25.797940300813536	26.189021672599345	23.879734009995424	0.010280668184006133
82.0	24.026337526815905	25.783083843900233	26.32166011992132	23.850021096168817	0.018897413193722255
83.0	23.918539075452973	25.84880880928469	26.4044997236699	23.805095170462987	0.02305722112944728
84.0	24.158500567516654	25.727996101665706	26.267582616756897	23.8265478942458	0.019372819814947973
85.0	24.082019527326967	25.771436381680207	26.33075227155226	23.80129191749318	0.014499901947384371
86.0	24.063181539960897	25.812499628588576	26.35238327281803	23.76117948382726	0.01075607480523185
87.0	24.115654545778686	25.81333159017572	26.240959845968252	23.819654498238023	0.010399519839312562
88.0	24.10834516897734	25.73898987978155	26.22645994402087	23.91550835824266	0.010696648977578636
89.0	24.062230726718447	25.737623085745525	26.35642422909845	23.836412581636232	0.007309376801345401
90.0	24.137463824527416	25.73179935463551	26.246724151250618	23.87634673781919	0.007665931767264688
91.0	24.091171104785563	25.743922223476766	26.288262804780217	23.870820135847442	0.005823731110015035
92.0	24.25898964207824	25.61407679005449	26.42827005473119	23.697890977376588	7.725357594917903E-4
93.0	24.36322254378198	25.430094427640142	26.365932361522965	23.840453537916652	2.971291382660732E-4
94.0	24.195106877351034	25.88785157805285	25.989172614201582	23.92644271053085	0.0014262198636771513
95.0	23.757554508340416	25.898785930341045	26.436173689809067	23.907010464888252	4.754066212257171E-4
96.0	24.33202398426404	25.90496621641698	25.58697861264463	24.16652305424984	0.009508132424514343
97.0	24.22993041235582	25.90496621641698	25.709098688471983	24.14619942119244	0.009805261562780417
98.0	24.497584340105895	25.757530738009354	25.64991056412938	24.08665474188392	0.00831961587145005
99.0	24.356507425257163	25.63760941780517	24.952667328274213	25.04697611675987	0.0062397119035875375
100.0	23.223672872703936	24.6261224053198	26.432489288494565	25.69519304480113	0.02252238868056835
101.0	30.18867924528302	24.528301886792452	26.41509433962264	18.867924528301888	0.0
102.0	24.528301886792452	28.30188679245283	26.41509433962264	20.754716981132077	0.0
103.0	20.754716981132077	26.41509433962264	41.509433962264154	11.320754716981133	0.0
104.0	26.41509433962264	32.075471698113205	22.641509433962266	18.867924528301888	0.0
105.0	18.867924528301888	32.075471698113205	24.528301886792452	24.528301886792452	0.0
106.0	24.528301886792452	26.41509433962264	30.18867924528302	18.867924528301888	0.0
107.0	24.528301886792452	32.075471698113205	24.528301886792452	18.867924528301888	0.0
108.0	28.30188679245283	37.735849056603776	26.41509433962264	7.547169811320755	0.0
109.0	26.41509433962264	35.84905660377358	28.30188679245283	9.433962264150944	0.0
110.0	28.30188679245283	30.18867924528302	16.9811320754717	24.528301886792452	0.0
111.0	20.754716981132077	24.528301886792452	39.62264150943396	15.09433962264151	0.0
112.0	20.754716981132077	33.9622641509434	28.30188679245283	16.9811320754717	0.0
113.0	35.84905660377358	24.528301886792452	24.528301886792452	15.09433962264151	0.0
114.0	24.528301886792452	26.41509433962264	28.30188679245283	20.754716981132077	0.0
115.0	24.528301886792452	35.84905660377358	24.528301886792452	15.09433962264151	0.0
116.0	22.641509433962266	39.62264150943396	22.641509433962266	15.09433962264151	0.0
117.0	33.9622641509434	24.528301886792452	18.867924528301888	22.641509433962266	0.0
118.0	15.09433962264151	26.41509433962264	39.62264150943396	18.867924528301888	0.0
119.0	18.867924528301888	30.18867924528302	30.18867924528302	20.754716981132077	0.0
120.0	30.18867924528302	28.30188679245283	32.075471698113205	9.433962264150944	0.0
121.0	20.754716981132077	28.30188679245283	37.735849056603776	13.20754716981132	0.0
122.0	26.41509433962264	26.41509433962264	24.528301886792452	22.641509433962266	0.0
123.0	24.528301886792452	26.41509433962264	28.30188679245283	20.754716981132077	0.0
124.0	24.528301886792452	30.18867924528302	18.867924528301888	26.41509433962264	0.0
125.0	24.528301886792452	39.62264150943396	30.18867924528302	5.660377358490567	0.0
126.0	35.84905660377358	22.641509433962266	24.528301886792452	16.9811320754717	0.0
127.0	24.528301886792452	30.18867924528302	28.30188679245283	16.9811320754717	0.0
128.0	26.41509433962264	32.075471698113205	20.754716981132077	20.754716981132077	0.0
129.0	35.84905660377358	30.18867924528302	20.754716981132077	13.20754716981132	0.0
130.0	33.9622641509434	18.867924528301888	28.30188679245283	18.867924528301888	0.0
131.0	22.641509433962266	26.41509433962264	32.075471698113205	18.867924528301888	0.0
132.0	24.528301886792452	20.754716981132077	39.62264150943396	15.09433962264151	0.0
133.0	28.30188679245283	33.9622641509434	18.867924528301888	18.867924528301888	0.0
134.0	33.9622641509434	24.528301886792452	33.9622641509434	7.547169811320755	0.0
135.0	28.30188679245283	28.30188679245283	22.641509433962266	20.754716981132077	0.0
136.0	15.09433962264151	28.30188679245283	35.84905660377358	20.754716981132077	0.0
137.0	26.41509433962264	30.18867924528302	26.41509433962264	16.9811320754717	0.0
138.0	35.84905660377358	26.41509433962264	24.528301886792452	13.20754716981132	0.0
139.0	24.528301886792452	33.9622641509434	28.30188679245283	13.20754716981132	0.0
140.0	15.09433962264151	39.62264150943396	16.9811320754717	28.30188679245283	0.0
141.0	41.509433962264154	16.9811320754717	22.641509433962266	18.867924528301888	0.0
142.0	20.754716981132077	39.62264150943396	26.41509433962264	13.20754716981132	0.0
143.0	32.075471698113205	28.30188679245283	28.30188679245283	11.320754716981133	0.0
144.0	32.075471698113205	26.41509433962264	20.754716981132077	20.754716981132077	0.0
145.0	28.30188679245283	30.18867924528302	20.754716981132077	20.754716981132077	0.0
146.0	30.18867924528302	22.641509433962266	33.9622641509434	13.20754716981132	0.0
