# Position (bp)	A	C	G	T	N
0.0	25.462240504117585	26.331812439163244	24.75192865148308	23.43149617716377	0.022522228072323094
1.0	24.880822352509117	24.803450476651165	25.785514701250666	24.52373510056561	0.006477369023438568
2.0	23.96186790683523	25.476205474030504	25.851833451986057	24.701535908988806	0.008557258159405081
3.0	23.983558179253166	25.475254667568347	25.988571306324882	24.54191927415435	0.01069657269925635
4.0	23.96602768510716	25.380292872160503	26.165302457478152	24.479047196844274	0.009329788409906928
5.0	23.722086402160233	26.23988133935352	26.07521354518886	23.962402735470192	4.1597782719330256E-4
6.0	23.7186991541388	25.88303178902556	25.963850338308823	24.43340848666078	0.0010102318660408776
7.0	23.675794012534006	26.198224131230308	25.563798519356634	24.561707933647973	4.7540323107806006E-4
8.0	23.50185585536332	26.262165865810307	25.74308496287695	24.492477338122228	4.1597782719330256E-4
9.0	23.68922415381196	26.128636983281257	25.8738802768273	24.302553747306543	0.00570483877293672
10.0	23.677339073035007	26.085494140060923	25.814692574558084	24.414986611456506	0.0074876008894794455
11.0	23.575602781584305	26.24285260954776	25.910129773197006	24.26386780937757	0.007547026293364203
12.0	23.69368105910332	26.186576752068895	25.795082191276116	24.31426055187184	0.010399445679832562
13.0	23.705506714476385	26.066715712433343	25.882615811198363	24.334524614596543	0.010637147295371593
14.0	23.561043557632537	26.23946536152633	25.963850338308823	24.224647042813626	0.010993699718680139
15.0	23.67508090768739	26.11158189236633	25.87197866390299	24.326442759668215	0.014915776375074134
16.0	23.658798347022966	26.158468536031403	25.849099883407355	24.313725723236878	0.019907510301393764
17.0	23.629204495888356	26.198045855018652	25.96753471334968	24.182395580651566	0.02281935509174688
18.0	23.632175766082593	26.151337487565236	25.958026648728115	24.239562819188702	0.018897278435352886
19.0	23.685480353367222	26.15003012867977	25.89646193030351	24.25691503712305	0.011112550526449654
20.0	23.621835745806646	26.18859721580098	25.97739933039455	24.209909542650205	0.002258165347620785
21.0	23.751917954910382	26.069389855608154	25.96153274755732	24.215852083038683	0.0013073588854646651
22.0	23.702891996705453	26.097022668414567	25.9732989775265	24.224112214178664	0.0026741431748140876
23.0	23.660581109139507	26.129944342166723	26.093991972816443	24.113937515376325	0.0015450605010036951
24.0	23.808074961581475	26.061486276891483	25.93176062021105	24.198024461873256	6.536794427323326E-4
25.0	23.834935244137387	25.951489854300796	25.993087637020125	24.22042783913781	5.942540388475751E-5
26.0	23.74252874109659	26.06457639789349	26.072895954437353	24.11999890657257	0.0
27.0	23.833509034444152	26.01465905863029	25.91648829141267	24.235284190109	5.942540388475751E-5
28.0	23.77776800560025	26.00913249606901	26.03153587333356	24.1783546531874	0.003208971809776905
29.0	23.7596432574154	26.109620854038134	26.046392224304753	24.08291745454848	0.00142620969323418
30.0	23.85418907499605	25.963969189116593	25.967831840369104	24.2110980507279	0.002911844790353118
31.0	23.813542098738875	25.983876699417984	25.974130933180888	24.228450268662254	0.0
32.0	23.758098196914396	26.068439049145997	26.11586052144603	24.057602232493572	0.0
33.0	23.93387854160551	25.968128967388527	25.96765356415745	24.130338926848516	0.0
34.0	23.90963297682053	25.964088039924366	25.953807445052302	24.171877284163962	5.94254038847575E-4
35.0	23.823584991995396	25.997306840695945	26.07170744635966	24.106925317717923	4.7540323107806006E-4
36.0	23.98337990304151	25.866214399726168	25.962958957250553	24.187209038366227	2.3770161553903003E-4
37.0	23.830181211826606	25.9031175755386	25.980727153012097	24.283715894275076	0.002258165347620785
38.0	23.799814830441495	25.989700388998692	26.11621707386934	24.09355460184385	7.1310484661709E-4
39.0	23.89578685771538	25.894263190359773	26.023929421636318	24.18352466332537	0.002495866963159815
40.0	23.927222896370417	25.86211404685812	25.983995550225757	24.2247658936214	0.0019016129243122403
41.0	23.822753036341012	25.900681133979326	26.093338293373712	24.182930409286527	2.971270194237875E-4
42.0	23.990273249892144	25.850169540677282	25.982866467551947	24.171164179317344	0.005526562561282448
43.0	23.869996232429394	25.90145366422983	26.041519341186202	24.179246034245672	0.007784727908903232
44.0	23.853297693937776	25.952856638590145	26.07735285972871	24.112986708914168	0.0035060988292006925
45.0	23.96561170727997	25.825507998065113	26.053344996559268	24.154643917037383	8.913810582713626E-4
46.0	23.975832876748147	25.90394953119299	25.926887737092507	24.191665943657586	0.0016639113087732102
47.0	23.968226425050897	25.88849892618295	26.045144290823174	24.09753610390413	5.94254038847575E-4
48.0	23.970900568225712	25.81392004430758	26.08632609571531	24.12701110423097	0.0018421875204274825
49.0	23.927995426620917	25.845177806750964	26.09036702317947	24.135330660774837	0.0011290826738103925
50.0	23.933462563778317	25.912982192583474	26.048947516671795	24.10431059994699	2.971270194237875E-4
51.0	23.9900355482766	25.81279096163377	26.027376095061634	24.1686088869503	0.00118850807769515
52.0	24.002930860919598	25.81701016530959	26.000575237909608	24.178414078591285	0.0010696572699256351
53.0	23.83980812725594	25.871443835268025	26.16381682238103	24.12463408807558	2.971270194237875E-4
54.0	23.96061997335365	25.866808653765016	26.027792072888822	24.143412515703165	0.0013667842893494225
55.0	24.00512960086333	25.79062528598476	26.0345071435278	24.168965439373608	7.725302505018476E-4
56.0	23.896618813369766	25.82931122391373	26.188537790397092	24.082858029144592	0.0026741431748140876
57.0	24.04244875450296	25.799598521971355	26.08383022875215	24.06758570034621	0.0065367944273233254
58.0	23.969355507724707	25.839829520401338	26.078897920229714	24.107757273372307	0.004159778271933025
59.0	23.903749861835934	25.850704369312243	26.174394544272523	24.071091799175413	5.942540388475751E-5
60.0	23.952419267617554	25.850704369312243	26.0851970130415	24.1101342895277	0.0015450605010036951
61.0	23.924073349964523	25.807620951495796	26.10243038016808	24.163795429235634	0.0020798891359665125
62.0	23.893231565348334	25.890816516934457	26.15787428199256	24.05772108330134	3.56552423308545E-4
63.0	24.091237011092346	25.75806016465591	26.040390258512392	24.107697847968424	0.0026147177709293303
64.0	23.968345275858667	25.833173875166242	26.12732962439579	24.070913522963757	2.3770161553903003E-4
65.0	23.938216596089095	25.873048321172913	26.153833354528395	24.034664026594058	2.3770161553903003E-4
66.0	24.06110833132277	25.861282091203737	26.04662992592029	24.030028845091046	9.508064621561201E-4
67.0	23.96222445925854	25.825092020237918	26.163519695361607	24.049163825141935	0.0
68.0	23.980824610674468	25.85563667783468	26.1534173767012	24.010121334789652	0.0
69.0	24.006912362979875	25.846306889424774	26.12043627754516	24.02634447005019	0.0
70.0	23.935483027510397	25.853972766525906	26.16987821357728	24.0372193189611	0.003446673425315935
71.0	23.883248097495695	25.892302152031576	26.18776526014659	24.03484230280571	0.0018421875204274825
72.0	24.0122606493295	25.84672286725197	26.17082902003943	23.96614653591493	0.00404092746416351
73.0	23.97012803797521	25.780760668939884	26.18467513914458	24.063841899901472	5.94254038847575E-4
74.0	23.961808481431344	25.92944302945955	26.23126465579023	23.87730555710722	1.782762116542725E-4
75.0	23.96264043708573	25.79638955016158	26.2208652101104	24.02010480264229	0.0
76.0	23.926985194754877	25.84262251438392	26.242258355508913	23.987599106717326	5.348286349628176E-4
77.0	23.890735698385175	25.890519389915035	26.294552710927498	23.92306311809848	0.0011290826738103925
78.0	24.00596155651772	25.851833451986057	26.23494903083109	23.905235496933056	0.002020463732081755
79.0	23.968761253685862	25.774877553955296	26.295860069812964	23.95955031608372	9.508064621561201E-4
80.0	23.879979700282032	25.87346429900011	26.397834062879213	23.84717687733765	0.0015450605010036951
81.0	24.122970176766806	25.799004267932506	26.188418939589326	23.8793260208393	0.010280594872063047
82.0	24.02646332085796	25.78325653590305	26.32117529186787	23.85020757293577	0.018897278435352886
83.0	23.91920046684597	25.848446203964627	26.404549133518184	23.80474713896393	0.02305705670728591
84.0	24.15826886667435	25.7284663135213	26.26709817433274	23.826793963805176	0.019372681666430948
85.0	24.082620327529057	25.770896051895015	26.330267378662235	23.80171644336581	0.014499798547880832
86.0	24.062950518843202	25.812612685422113	26.35255190511902	23.761128892512517	0.010755998103141108
87.0	24.11601740451229	25.813444641076504	26.2411292728351	23.81900923589627	0.010399445679832562
88.0	24.108470378218925	25.73880633379725	26.226570048883335	23.915456666401234	0.01069657269925635
89.0	24.062475115612123	25.737974378142862	26.3557608769288	23.836480304638393	0.007309324677825173
90.0	24.13752940071857	25.73167528533108	26.245764454338115	23.877364982511104	0.007665877101133718
91.0	24.091474712707885	25.742787835857527	26.288847872154562	23.87106588969932	0.005823689580706236
92.0	24.25893550085513	25.613775284023717	26.428913549110938	23.697603135759714	7.725302505018476E-4
93.0	24.363286510076765	25.429615957384854	26.36633859882029	23.840461806698666	2.971270194237875E-4
94.0	24.19570687112175	25.888023522951876	25.988749582536535	23.926093813696607	0.00142620969323418
95.0	23.758454749337705	25.898422968631706	26.435509768942143	23.907137109857366	4.7540323107806006E-4
96.0	24.3319693222295	25.904662636039603	25.586855576063922	24.16700440104541	0.0095080646215612
97.0	24.230173605374908	25.90442493442407	25.708796504835448	24.146799763724594	0.009805191640984987
98.0	24.49711251962524	25.757109358193752	25.65038133281673	24.087077232820413	0.00831955654386605
99.0	24.356512014033903	25.637010616942657	24.952727091209674	25.047510610405865	0.006239667407899539
100.0	23.22427979381762	24.625709093631855	26.43230079713237	25.695188087345837	0.022522228072323094
101.0	24.561403508771928	21.052631578947366	26.31578947368421	28.07017543859649	0.0
102.0	42.10526315789473	15.789473684210526	15.789473684210526	26.31578947368421	0.0
103.0	28.07017543859649	24.561403508771928	10.526315789473683	36.84210526315789	0.0
104.0	43.859649122807014	21.052631578947366	10.526315789473683	24.561403508771928	0.0
105.0	40.35087719298245	17.543859649122805	15.789473684210526	26.31578947368421	0.0
106.0	31.57894736842105	19.298245614035086	19.298245614035086	29.82456140350877	0.0
107.0	33.33333333333333	17.543859649122805	12.280701754385964	36.84210526315789	0.0
108.0	35.08771929824561	15.789473684210526	19.298245614035086	29.82456140350877	0.0
109.0	36.84210526315789	26.31578947368421	12.280701754385964	24.561403508771928	0.0
110.0	33.33333333333333	29.82456140350877	15.789473684210526	21.052631578947366	0.0
111.0	28.07017543859649	26.31578947368421	17.543859649122805	28.07017543859649	0.0
112.0	26.31578947368421	28.07017543859649	10.526315789473683	35.08771929824561	0.0
113.0	33.33333333333333	24.561403508771928	10.526315789473683	31.57894736842105	0.0
114.0	49.122807017543856	17.543859649122805	14.035087719298245	19.298245614035086	0.0
115.0	33.33333333333333	17.543859649122805	8.771929824561402	40.35087719298245	0.0
116.0	36.84210526315789	24.561403508771928	15.789473684210526	22.807017543859647	0.0
117.0	17.543859649122805	22.807017543859647	14.035087719298245	45.614035087719294	0.0
118.0	26.31578947368421	24.561403508771928	17.543859649122805	31.57894736842105	0.0
119.0	21.052631578947366	28.07017543859649	15.789473684210526	35.08771929824561	0.0
120.0	21.052631578947366	22.807017543859647	15.789473684210526	40.35087719298245	0.0
121.0	38.59649122807017	15.789473684210526	12.280701754385964	33.33333333333333	0.0
122.0	28.07017543859649	21.052631578947366	14.035087719298245	36.84210526315789	0.0
123.0	31.57894736842105	26.31578947368421	19.298245614035086	22.807017543859647	0.0
124.0	33.33333333333333	21.052631578947366	14.035087719298245	31.57894736842105	0.0
125.0	22.807017543859647	29.82456140350877	15.789473684210526	31.57894736842105	0.0
126.0	36.84210526315789	22.807017543859647	10.526315789473683	29.82456140350877	0.0
127.0	33.33333333333333	12.280701754385964	19.298245614035086	35.08771929824561	0.0
128.0	33.33333333333333	15.789473684210526	15.789473684210526	35.08771929824561	0.0
129.0	33.33333333333333	14.035087719298245	15.789473684210526	36.84210526315789	0.0
130.0	28.07017543859649	19.298245614035086	19.298245614035086	33.33333333333333	0.0
131.0	36.84210526315789	22.807017543859647	10.526315789473683	29.82456140350877	0.0
132.0	35.08771929824561	14.035087719298245	28.07017543859649	22.807017543859647	0.0
133.0	28.07017543859649	31.57894736842105	21.052631578947366	19.298245614035086	0.0
134.0	29.82456140350877	22.807017543859647	12.280701754385964	35.08771929824561	0.0
135.0	26.31578947368421	22.807017543859647	12.280701754385964	38.59649122807017	0.0
136.0	33.33333333333333	21.052631578947366	10.526315789473683	35.08771929824561	0.0
137.0	36.84210526315789	26.31578947368421	17.543859649122805	19.298245614035086	0.0
138.0	26.31578947368421	29.82456140350877	15.789473684210526	28.07017543859649	0.0
139.0	22.807017543859647	29.82456140350877	15.789473684210526	31.57894736842105	0.0
140.0	26.31578947368421	14.035087719298245	17.543859649122805	42.10526315789473	0.0
141.0	38.59649122807017	21.052631578947366	15.789473684210526	24.561403508771928	0.0
142.0	40.35087719298245	12.280701754385964	19.298245614035086	28.07017543859649	0.0
143.0	38.59649122807017	19.298245614035086	10.526315789473683	31.57894736842105	0.0
144.0	24.561403508771928	21.052631578947366	19.298245614035086	35.08771929824561	0.0
145.0	31.57894736842105	24.561403508771928	8.771929824561402	35.08771929824561	0.0
146.0	33.33333333333333	15.789473684210526	14.035087719298245	36.84210526315789	0.0
