# Position (bp)	A	C	G	T	N
0.0	27.989148924399217	23.47498955526742	20.591162325452146	27.932489827116626	0.012209367764598302
1.0	27.78654972805541	22.66243069435056	21.442511365204446	28.10838103147537	1.2718091421456563E-4
2.0	27.073064799311698	23.133445210144206	21.936799988299356	27.856562821330527	1.2718091421456563E-4
3.0	26.78684415187182	23.269083655154038	21.956767391831043	27.98571503971542	0.0015897614276820708
4.0	26.81673166671224	22.76074154103842	22.194786472783605	28.227613138551522	1.2718091421456563E-4
5.0	26.84299452549755	23.139486303569395	22.382696273535625	27.63482289739743	0.0
6.0	26.870274831596575	22.866556061664937	22.355479557893705	27.907689548844782	0.0
7.0	27.007057904834337	23.04416420836558	21.948754994235525	28.00002289256456	0.0
8.0	26.818575789968353	23.152903890019033	21.86316223896912	28.165358081043497	0.0
9.0	26.853614131834462	23.194746410795624	22.040198071555796	27.91144138581411	0.0
10.0	26.92184669231058	23.203394712962215	21.98423846930139	27.890520125425816	0.0
11.0	26.889669921014292	23.23022988586149	22.075808727535875	27.804291465588342	0.0
12.0	27.039171085673512	23.16549480052627	22.053170524805683	27.74216358899453	0.0
13.0	26.951734207151002	23.16021679258637	22.180732981762894	27.707316018499732	0.0
14.0	27.006167638434835	23.218147699011105	22.041279109326624	27.734405553227436	0.0
15.0	26.968267725998896	23.13401752425817	22.162736882401532	27.734850686427187	1.2718091421456563E-4
16.0	26.94989008389489	23.167148152411063	22.151163419208007	27.73173475402893	6.359045710728282E-5
17.0	27.026198632423633	23.135098562028993	22.17100364182548	27.667635573264793	6.359045710728282E-5
18.0	27.001143992323364	23.08486210091424	22.225309892195096	27.688175290910443	5.087236568582625E-4
19.0	27.02708889882313	23.12931183043223	22.204134269978372	27.63946500076627	0.0
20.0	27.02009394854133	23.15150489996267	22.23020635739236	27.598194794103637	0.0
21.0	27.070966314227157	23.1045751426175	22.174437526509273	27.650021016646075	0.0
22.0	27.037772095617157	23.132936486487345	22.228934548250212	27.60035686964529	0.0
23.0	27.15465135578034	23.112587540213013	22.25405277880759	27.47870832519905	0.0
24.0	27.089343956331163	23.006264295929636	22.26505392788715	27.63933781985205	0.0
25.0	27.0355464296184	23.062287488641154	22.295831709127075	27.60633437261337	0.0
26.0	27.081585920564073	22.9779665425169	22.31370062757422	27.626746909344806	0.0
27.0	27.180087538623255	22.982672236342836	22.260666186346747	27.576574038687163	0.0
28.0	27.269050588116343	23.00321195398849	22.19084386444295	27.536766412538004	1.2718091421456563E-4
29.0	27.193187172787354	23.026867604032397	22.230269947849465	27.54967527533078	0.0
30.0	27.254997097095636	22.951322140988946	22.215326190429256	27.57835457148617	0.0
31.0	27.197320552499328	22.969636192635843	22.2419070015001	27.591136253364727	0.0
32.0	27.187972755304557	22.92289720666199	22.25131838915198	27.637811648881478	0.0
33.0	27.2162705087173	22.881372638170934	22.264926746972936	27.637430106138833	0.0
34.0	27.278271204396898	22.835078785396835	22.277263295651746	27.609386714554518	0.0
35.0	27.259384838636038	22.860260606411316	22.245658838469428	27.634314173740577	3.8154274264369693E-4
36.0	27.286537963820845	22.8889399025667	22.24235213469985	27.5786725237717	0.0034974751409005554
37.0	27.267079283946018	22.81848167609183	22.285784416904125	27.62604741431663	0.002607208741398596
38.0	27.321639896144067	22.847224562704323	22.18830024615866	27.642135799964773	6.994950281801111E-4
39.0	27.27184856822906	22.870307898634266	22.18594739924569	27.671260229319905	6.359045710728283E-4
40.0	27.30834949060864	22.866874013950476	22.242224953785637	27.582233589369707	3.1795228553641416E-4
41.0	27.272484472800134	22.85479182710009	22.1764088306796	27.6956789648491	6.359045710728283E-4
42.0	27.314708536319372	22.82153401803298	22.172466222338947	27.690591728280523	6.994950281801111E-4
43.0	27.290989295818356	22.79253676959206	22.272811963654238	27.642771704535846	8.902663995019595E-4
44.0	27.28641078290663	22.853520017957944	22.199810118895076	27.659368813840846	8.902663995019595E-4
45.0	27.374992289657072	22.86108728235371	22.131323196590532	27.632406460027358	1.9077137132184847E-4
46.0	27.3786805361693	22.82687561642999	22.158857864517987	27.63558598288272	0.0
47.0	27.337473919963777	22.868209413549728	22.120449228425187	27.673740257147088	1.2718091421456563E-4
48.0	27.318651144660024	22.801630204958403	22.143468973898024	27.73624967648355	0.0
49.0	27.30167249261238	22.83705008956716	22.150400333722718	27.710877084097746	0.0
50.0	27.319477820602415	22.855745683956698	22.14563104943967	27.679145446001208	0.0
51.0	27.335693387164774	22.853011294301087	22.180923753134216	27.630371565399926	0.0
52.0	27.35566079069646	22.843663497106316	22.155614751205515	27.645060960991707	0.0
53.0	27.376709231998973	22.74389006990499	22.163309196515495	27.716091501580543	0.0
54.0	27.322339391172246	22.845126077619785	22.17869808713546	27.653582082244082	2.5436182842913127E-4
55.0	27.37372048051493	22.756226618583803	22.172784174624482	27.69599691713464	0.0012718091421456566
56.0	27.24208823430285	22.896062033762718	22.18874537935841	27.672214086176517	8.902663995019595E-4
57.0	27.30962129975079	22.85014972373126	22.162037387373353	27.677301322745095	8.902663995019595E-4
58.0	27.3472668503583	22.801566614501294	22.20839483060456	27.64175425722213	0.001017447313716525
59.0	27.33283181659495	22.779437135427962	22.259267196290384	27.628018718486953	4.4513319975097976E-4
60.0	27.2861564210782	22.812249811295317	22.244323438870175	27.65612570052837	0.0011446282279310909
61.0	27.268160321716838	22.865792976179648	22.299138412896653	27.565636480064708	0.0012718091421456566
62.0	27.30370738723981	22.805763584670373	22.208522011518774	27.678191589144603	0.003815427426436969
63.0	27.219386441115557	22.897461023819076	22.253480464693627	27.62528432883134	0.004387741540402515
64.0	27.209529920263925	22.89529894827743	22.252272246008587	27.642072209507663	8.266759423946767E-4
65.0	27.26631619846073	22.878065934401356	22.283558750905367	27.572059116232545	0.0
66.0	27.245840071272188	22.895807671934286	22.25119120823776	27.607161048555767	0.0
67.0	27.227526019625287	22.85758980721281	22.30708722003506	27.60779695312684	0.0
68.0	27.206986301979637	22.930400880600647	22.316498607686942	27.546114209732774	0.0
69.0	27.24921036549887	22.885823970168445	22.265371880172687	27.59959378416	0.0
70.0	27.202852922267663	22.90820781107021	22.37061408668524	27.51819799906268	1.2718091421456563E-4
71.0	27.201835474953945	22.868718137206585	22.400565191982768	27.528754014942486	1.2718091421456563E-4
72.0	27.172647455141703	22.869163270406336	22.390899442502462	27.5672898319495	0.0
73.0	27.21086531986318	22.9474431231054	22.357005728864284	27.484685828167137	0.0
74.0	27.14632100589929	22.864076033837755	22.463011020862123	27.52659193940084	0.0
75.0	27.167750989944437	22.895680491020073	22.44425183601547	27.492316683020015	0.0
76.0	27.1525528706958	22.903565707701375	22.40361753392392	27.540263887678908	0.0
77.0	27.240244111046742	22.84849637184647	22.4768101500544	27.434449367052384	0.0
78.0	27.26803314080263	22.872915107375665	22.39357024170097	27.46548151012074	0.0
79.0	27.213917661804327	22.959334538584464	22.47477525542697	27.35197254418424	0.0
80.0	27.309303347465253	22.83463365219708	22.419260786372313	27.436802213965354	0.0
81.0	27.27261165371435	22.839530117394343	22.53276975230881	27.35470693383985	3.8154274264369693E-4
82.0	27.300082731184695	22.828274606486353	22.569079903317068	27.30249916855477	6.359045710728282E-5
83.0	27.346058631673266	22.864711938408828	22.48787488959107	27.301290949869735	6.359045710728282E-5
84.0	27.34001753824807	22.808879517068632	22.529653819910553	27.321385534315635	6.359045710728282E-5
85.0	27.366725530233126	22.826812025972888	22.51471006249034	27.291752381303642	0.0
86.0	27.37963439302591	22.703128586899222	22.50885974043647	27.4083772796384	0.0
87.0	27.47794523971377	22.68233450742514	22.519924479973138	27.319795772887957	0.0
88.0	27.443161259676085	22.72920067431321	22.562339314863696	27.26529875114701	0.0
89.0	27.470314384860895	22.629109294826343	22.64672385144506	27.253852468867702	0.0
90.0	27.497022376845955	22.671905672459545	22.524312221513544	27.306759729180964	0.0
91.0	27.854527926703092	22.48622153770628	22.555598726410324	27.103651809180302	0.0
92.0	27.75526322315863	22.521832193686357	22.441199494074322	27.281705089080692	0.0
93.0	27.571550392575688	22.89644357650536	22.252590198294122	27.27941583262483	0.0
94.0	27.261737685549004	22.96734693617998	22.53397797099385	27.236937407277168	0.0
95.0	27.884924165200374	22.743508527162344	22.1362832522449	27.234838922192623	4.4513319975097976E-4
96.0	27.65129282578822	22.45766942246511	22.745861374075314	27.143077892586813	0.0020984850845403333
97.0	27.355851562067784	22.56297521943477	22.556043859610075	27.52474781614473	3.8154274264369693E-4
98.0	27.80645354112999	21.940106692068934	21.97253782519365	28.28032962749346	5.723141139655454E-4
99.0	27.502554746614283	20.96437471821479	22.86324935789536	28.66155441785162	0.008266759423946769
100.0	8.16326530612245	38.775510204081634	34.69387755102041	18.367346938775512	0.0
101.0	18.367346938775512	24.489795918367346	36.734693877551024	20.408163265306122	0.0
102.0	14.285714285714285	30.612244897959183	26.53061224489796	28.57142857142857	0.0
103.0	20.408163265306122	28.57142857142857	34.69387755102041	16.3265306122449	0.0
104.0	12.244897959183673	34.69387755102041	38.775510204081634	14.285714285714285	0.0
105.0	18.367346938775512	34.69387755102041	34.69387755102041	12.244897959183673	0.0
106.0	8.16326530612245	38.775510204081634	34.69387755102041	18.367346938775512	0.0
107.0	26.53061224489796	36.734693877551024	22.448979591836736	14.285714285714285	0.0
108.0	20.408163265306122	36.734693877551024	26.53061224489796	16.3265306122449	0.0
109.0	20.408163265306122	28.57142857142857	38.775510204081634	12.244897959183673	0.0
110.0	18.367346938775512	30.612244897959183	28.57142857142857	22.448979591836736	0.0
111.0	18.367346938775512	34.69387755102041	22.448979591836736	24.489795918367346	0.0
112.0	16.3265306122449	42.857142857142854	30.612244897959183	10.204081632653061	0.0
113.0	22.448979591836736	34.69387755102041	28.57142857142857	14.285714285714285	0.0
114.0	22.448979591836736	28.57142857142857	28.57142857142857	20.408163265306122	0.0
115.0	16.3265306122449	26.53061224489796	28.57142857142857	28.57142857142857	0.0
116.0	18.367346938775512	36.734693877551024	26.53061224489796	18.367346938775512	0.0
117.0	16.3265306122449	24.489795918367346	32.6530612244898	26.53061224489796	0.0
118.0	24.489795918367346	28.57142857142857	28.57142857142857	18.367346938775512	0.0
119.0	20.408163265306122	22.448979591836736	34.69387755102041	22.448979591836736	0.0
120.0	22.448979591836736	30.612244897959183	26.53061224489796	20.408163265306122	0.0
121.0	12.244897959183673	32.6530612244898	32.6530612244898	22.448979591836736	0.0
122.0	18.367346938775512	28.57142857142857	28.57142857142857	24.489795918367346	0.0
123.0	16.3265306122449	22.448979591836736	42.857142857142854	18.367346938775512	0.0
124.0	22.448979591836736	24.489795918367346	30.612244897959183	22.448979591836736	0.0
125.0	18.367346938775512	22.448979591836736	48.97959183673469	10.204081632653061	0.0
126.0	22.448979591836736	24.489795918367346	36.734693877551024	16.3265306122449	0.0
127.0	16.3265306122449	40.816326530612244	28.57142857142857	14.285714285714285	0.0
128.0	24.489795918367346	24.489795918367346	30.612244897959183	20.408163265306122	0.0
129.0	26.53061224489796	28.57142857142857	34.69387755102041	10.204081632653061	0.0
130.0	24.489795918367346	18.367346938775512	36.734693877551024	20.408163265306122	0.0
131.0	16.3265306122449	20.408163265306122	40.816326530612244	22.448979591836736	0.0
132.0	26.53061224489796	34.69387755102041	24.489795918367346	14.285714285714285	0.0
133.0	14.285714285714285	32.6530612244898	34.69387755102041	18.367346938775512	0.0
134.0	20.408163265306122	28.57142857142857	34.69387755102041	16.3265306122449	0.0
135.0	18.367346938775512	24.489795918367346	32.6530612244898	24.489795918367346	0.0
136.0	16.3265306122449	30.612244897959183	36.734693877551024	16.3265306122449	0.0
137.0	24.489795918367346	28.57142857142857	36.734693877551024	10.204081632653061	0.0
138.0	22.448979591836736	36.734693877551024	34.69387755102041	6.122448979591836	0.0
139.0	22.448979591836736	34.69387755102041	24.489795918367346	18.367346938775512	0.0
140.0	26.53061224489796	16.3265306122449	34.69387755102041	22.448979591836736	0.0
141.0	20.408163265306122	24.489795918367346	34.69387755102041	20.408163265306122	0.0
142.0	10.204081632653061	34.69387755102041	36.734693877551024	18.367346938775512	0.0
143.0	26.53061224489796	26.53061224489796	38.775510204081634	8.16326530612245	0.0
144.0	22.448979591836736	28.57142857142857	24.489795918367346	24.489795918367346	0.0
145.0	24.489795918367346	34.69387755102041	30.612244897959183	10.204081632653061	0.0
146.0	14.285714285714285	36.734693877551024	38.775510204081634	10.204081632653061	0.0
