# Position (bp)	A	C	G	T	N
0.0	23.579815245148346	26.79754755883492	28.218829029162745	21.37995846692152	0.023849699932467043
1.0	28.4901965993788	22.547914108951115	25.691440490982526	23.2641465483738	0.00630225231376072
2.0	24.620057597643203	23.48410751148153	26.10837773228897	25.779610236587786	0.007846921998505995
3.0	23.462111415170757	24.406028166124898	27.941529927357273	24.18050639215209	0.009824099194979948
4.0	23.498936340455085	25.77176331458928	25.534810984949356	25.185283128685192	0.009206231321081837
5.0	23.255619971714008	27.891915137083256	24.74276615739937	24.10883371877991	8.650150234573539E-4
6.0	23.489606535559222	26.409464747239518	25.072954749210517	25.02624393794382	0.0017300300469147078
7.0	24.00324009913072	25.77886879513911	24.73009986598446	25.48760587938354	1.8536036216943298E-4
8.0	23.379934987942306	26.343229311157646	25.365144466776933	24.910826219099654	8.650150234573539E-4
9.0	23.75547508169758	25.90800318078382	25.54673583491559	24.783916157800984	0.005869744802032044
10.0	23.930331690010746	25.75168260868759	25.532092366304205	24.77854070729807	0.007352627699387508
11.0	23.733602558961586	26.025583437186622	25.816126227935165	24.41690264070551	0.007785135211116184
12.0	23.996381765730455	25.80098846502466	25.658137412579418	24.53343252172269	0.011059834942776167
13.0	23.953254588132364	25.870436814050812	25.555509558724943	24.610542432385174	0.010256606706708624
14.0	23.820969076330776	25.97813118447125	25.721839590378316	24.4678767403021	0.011183408517555789
15.0	24.001201135146857	25.996234713176463	25.469255203528768	24.51798582487524	0.015323123272673126
16.0	23.871757815565203	25.876553706002404	25.460419692932025	24.771311653173463	0.019957132326908947
17.0	23.825232364660675	26.143719774675944	25.678835986355008	24.32823860080113	0.023973273507246665
18.0	23.96771269638158	25.972323226456606	25.498418567176756	24.541897311595093	0.019648198389959896
19.0	23.94806449799162	25.773864065360534	25.453870293468704	24.812770587512027	0.011430555667115032
20.0	23.85309820577348	26.04047405294757	25.738027728674446	24.36685534291976	0.0015446696847452748
21.0	24.087949784642152	25.922584862607813	25.550751976095924	24.437910148418045	8.032282360675428E-4
22.0	24.090174108988187	25.79857878031646	25.531536285217697	24.578227942580302	0.0014828828973554638
23.0	23.809723881025835	26.07915258185359	25.881805582930532	24.227711497717905	0.0016064564721350856
24.0	24.07281202173165	25.885821724110876	25.467834107418803	24.57254355814044	9.885885982369757E-4
25.0	24.04284542984759	25.78239064202033	25.569967666974158	24.60473447437053	6.178678738981098E-5
26.0	23.809044226364545	25.91640618386883	25.868274276492166	24.40615173969968	1.2357357477962196E-4
27.0	24.04247470912325	25.754030506608405	25.646768643699698	24.55617005948214	5.560810865082989E-4
28.0	24.083068628438358	25.718008809560146	25.526840489376067	24.668313078594647	0.0037689940307784704
29.0	23.890417425356926	25.980108361667725	25.81093613779442	24.3168698319214	0.0016682432595248966
30.0	24.224869305497972	25.669135460734804	25.691749424919475	24.410662175179134	0.003583633668609037
31.0	24.184893254056767	25.523874723581358	25.708370070727337	24.582861951634538	0.0
32.0	23.84061727472074	25.94198591384821	25.954837565625294	24.26255924580576	0.0
33.0	24.216342728838182	25.773802278573143	25.58294289232602	24.426912100262655	0.0
34.0	24.071576285983852	25.771207233502775	25.56632224651816	24.590091005759145	8.032282360675428E-4
35.0	23.96734197565724	25.94612562860333	25.737471647587935	24.348875387789324	1.8536036216943298E-4
36.0	24.26947936599342	25.682543193598395	25.603456105739436	24.444335974306583	1.8536036216943298E-4
37.0	24.034689573912136	25.719368118882723	25.646336136187962	24.597072912734195	0.0025332582829822505
38.0	23.921310819051833	25.96132517830122	25.7722576088884	24.34442673909726	6.796546612879208E-4
39.0	24.159931391951282	25.60864619588018	25.636079529481258	24.593180345128637	0.0021625375586433846
40.0	24.236917729038986	25.59295235188317	25.641949274283288	24.52620346759808	0.0019771771964739514
41.0	23.955540699265786	25.975783286550435	25.848811438464374	24.21967921535723	1.8536036216943298E-4
42.0	24.19780669262124	25.610005505202754	25.68841293840043	24.499511575445684	0.0042632883298969575
43.0	24.139418178537866	25.6703711964826	25.673151601915144	24.5103242632389	0.006734759825489398
44.0	23.917294677871496	26.00457592947409	25.718132383134922	24.35715481729956	0.0028421922199313057
45.0	24.13805886921529	25.715722698426724	25.595856330890488	24.549497086444042	8.650150234573539E-4
46.0	24.17760241314477	25.604321120762897	25.703983208822663	24.512486800797546	0.0016064564721350856
47.0	24.058106766332873	25.94828816616197	25.771145446715384	24.22196532649065	4.942942991184878E-4
48.0	24.447857821187803	25.469502350678326	25.63404056549739	24.44761067403824	9.885885982369757E-4
49.0	24.256874861365894	25.652453028139554	25.728265416266854	24.361047384905117	0.0013593093225758416
50.0	23.96734197565724	25.850232534574342	25.866606033232642	24.315139801874487	6.796546612879208E-4
51.0	24.145102562977726	25.688845445912158	25.71763808883581	24.446869232589567	0.0015446696847452748
52.0	24.243281768140136	25.595856330890488	25.682790340747953	24.476774037686233	0.0012975225351860309
53.0	24.04284542984759	25.74327960560258	25.992774653082634	24.219988149294178	0.0011121621730165979
54.0	24.22931795419004	25.671483358655617	25.663203929145382	24.434017580812483	0.0019771771964739514
55.0	24.23642343473987	25.649672622707016	25.77472908038399	24.337877339633938	0.0012975225351860309
56.0	24.04167148088718	25.656592742894674	26.11264102061887	24.185449335143275	0.0036454204559988484
57.0	24.311679741780658	25.60926406375408	25.703427127736152	24.368029291880166	0.0075997748489467516
58.0	24.23487876505512	25.672657307616024	25.685138238668763	24.40201202494456	0.005313663715523745
59.0	24.087146556406086	25.65999101620111	26.01668613980249	24.235929140440753	2.471471495592439E-4
60.0	24.341831694026887	25.509725549269092	25.64806616623488	24.498337626485277	0.0020389639838637626
61.0	24.26218852508142	25.64219642143285	25.71306586656896	24.38051022293291	0.0020389639838637626
62.0	24.06959910878738	25.7461835846099	25.99716151498731	24.18668507089107	3.7072072433886596E-4
63.0	24.40565744540056	25.594558808355306	25.749890791853286	24.247915777194372	0.0019771771964739514
64.0	24.216775236349907	25.64806616623488	25.673398749064702	24.46163627477573	1.2357357477962196E-4
65.0	24.119646406573125	25.763731032228605	26.044304833765736	24.0718852199208	4.3250751172867695E-4
66.0	24.398551964850732	25.564345069321686	25.719368118882723	24.31711697907096	6.178678738981099E-4
67.0	24.33157508732018	25.561070369590027	25.80778501163754	24.299569531452256	0.0
68.0	24.066818703354837	25.74735753357031	26.098244699157043	24.087579063917815	0.0
69.0	24.440875914212754	25.6703711964826	25.637438838803835	24.251314050500813	0.0
70.0	24.25835774426325	25.701882458051408	25.654306631761255	24.38267276049155	0.0027804054325414945
71.0	24.09931855352188	25.65127907917915	26.09212780720545	24.155668103621387	0.0016064564721350856
72.0	24.390396108915276	25.55081376288332	25.786777503925006	24.26873792454474	0.0032746997316599824
73.0	24.363766003550268	25.53734424323234	25.76929184309369	24.329165402611974	4.3250751172867695E-4
74.0	24.130582667941123	25.80216241398507	26.01730400767639	24.04970376324786	2.471471495592439E-4
75.0	24.397872310189445	25.522515414258784	25.88254702437921	24.19706525117256	0.0
76.0	24.25817238390108	25.5072540777735	25.89082645388945	24.34306742977468	6.796546612879208E-4
77.0	24.143619680080374	25.87037502726342	25.995616845302568	23.988781990881506	0.0016064564721350856
78.0	24.407634622597037	25.567557982265953	25.84399206904797	24.178096707443885	0.0027186186451516833
79.0	24.2859764382265	25.57991533974392	25.893236138597647	24.239698134471528	0.0011739489604064087
80.0	24.052545955467792	25.80284206864636	26.06327337749441	24.07960856834453	0.0017300300469147078
81.0	24.504887025948598	25.391774572141944	25.76811789413328	24.323419231384722	0.011801276391453898
82.0	24.263300687254436	25.542534333373084	25.956505808884817	24.218258119247263	0.01940105124040065
83.0	24.028572681960544	25.708987938601236	26.185734790101016	24.05217523474345	0.02452935459375496
84.0	24.51329002903361	25.49168380735127	25.86160130345407	24.112602712810688	0.020822147350366305
85.0	24.24297283420319	25.437002500511284	26.098800780243554	24.2052828938954	0.015940991146571236
86.0	24.243776062439256	25.708431857514725	26.04325445838011	23.992550984912285	0.011986636753623332
87.0	24.43506795619811	25.491807380926048	25.85795588299807	24.2034910770611	0.011677702816674277
88.0	24.207260071091877	25.571697697021072	25.937104757644413	24.273001212874636	0.010936261367996544
89.0	24.302658870821745	25.80129739896161	26.022988392116254	23.864775908590154	0.008279429510234674
90.0	24.685180871552063	25.48365152499059	25.77126902029016	24.051866300806505	0.008032282360675429
91.0	24.58218229697325	25.448062335454065	25.930308211031537	24.033577411739117	0.005869744802032044
92.0	24.738255721919913	25.427549122040645	26.34162285468551	23.491892646692648	6.796546612879208E-4
93.0	25.497244618216353	24.636925390600624	25.681863538937105	24.18378109188375	1.8536036216943298E-4
94.0	24.798806773561928	25.042802796964292	26.408290798279115	23.74874032187209	0.0013593093225758416
95.0	23.791743925895396	24.825251518564766	27.957965212802964	23.424297901288192	7.414414486777319E-4
96.0	25.135977272348125	25.4872351586592	25.70904972538862	23.656925155810832	0.010812687793216922
97.0	23.894495353324654	27.987993591474414	24.464972761294778	23.64092237787687	0.011615916029284466
98.0	25.49508208065771	26.035901830680725	23.45784812684086	25.001220289050945	0.009947672769759568
99.0	22.995188662865957	25.666540415664436	22.59029984510052	28.739877007221022	0.00809406914806524
100.0	21.13732175284173	28.276785035734385	26.83696752918962	23.72612635768742	0.022799324546840253
101.0	18.867924528301888	24.528301886792452	37.735849056603776	18.867924528301888	0.0
102.0	22.641509433962266	30.18867924528302	32.075471698113205	15.09433962264151	0.0
103.0	28.30188679245283	28.30188679245283	28.30188679245283	15.09433962264151	0.0
104.0	32.075471698113205	24.528301886792452	30.18867924528302	13.20754716981132	0.0
105.0	32.075471698113205	39.62264150943396	22.641509433962266	5.660377358490567	0.0
106.0	30.18867924528302	33.9622641509434	30.18867924528302	5.660377358490567	0.0
107.0	26.41509433962264	37.735849056603776	15.09433962264151	20.754716981132077	0.0
108.0	30.18867924528302	30.18867924528302	24.528301886792452	15.09433962264151	0.0
109.0	30.18867924528302	20.754716981132077	37.735849056603776	11.320754716981133	0.0
110.0	39.62264150943396	26.41509433962264	24.528301886792452	9.433962264150944	0.0
111.0	22.641509433962266	35.84905660377358	24.528301886792452	16.9811320754717	0.0
112.0	28.30188679245283	35.84905660377358	20.754716981132077	15.09433962264151	0.0
113.0	24.528301886792452	24.528301886792452	33.9622641509434	16.9811320754717	0.0
114.0	26.41509433962264	33.9622641509434	30.18867924528302	9.433962264150944	0.0
115.0	28.30188679245283	39.62264150943396	22.641509433962266	9.433962264150944	0.0
116.0	26.41509433962264	33.9622641509434	26.41509433962264	13.20754716981132	0.0
117.0	33.9622641509434	30.18867924528302	28.30188679245283	7.547169811320755	0.0
118.0	28.30188679245283	22.641509433962266	30.18867924528302	18.867924528301888	0.0
119.0	16.9811320754717	41.509433962264154	28.30188679245283	13.20754716981132	0.0
120.0	30.18867924528302	32.075471698113205	24.528301886792452	13.20754716981132	0.0
121.0	26.41509433962264	30.18867924528302	26.41509433962264	16.9811320754717	0.0
122.0	16.9811320754717	32.075471698113205	30.18867924528302	20.754716981132077	0.0
123.0	28.30188679245283	20.754716981132077	28.30188679245283	22.641509433962266	0.0
124.0	28.30188679245283	26.41509433962264	26.41509433962264	18.867924528301888	0.0
125.0	26.41509433962264	28.30188679245283	28.30188679245283	16.9811320754717	0.0
126.0	20.754716981132077	28.30188679245283	35.84905660377358	15.09433962264151	0.0
127.0	26.41509433962264	24.528301886792452	33.9622641509434	15.09433962264151	0.0
128.0	26.41509433962264	32.075471698113205	28.30188679245283	13.20754716981132	0.0
129.0	28.30188679245283	26.41509433962264	30.18867924528302	15.09433962264151	0.0
130.0	26.41509433962264	24.528301886792452	24.528301886792452	24.528301886792452	0.0
131.0	24.528301886792452	28.30188679245283	28.30188679245283	18.867924528301888	0.0
132.0	24.528301886792452	28.30188679245283	33.9622641509434	13.20754716981132	0.0
133.0	32.075471698113205	26.41509433962264	24.528301886792452	16.9811320754717	0.0
134.0	33.9622641509434	18.867924528301888	37.735849056603776	9.433962264150944	0.0
135.0	13.20754716981132	43.39622641509434	30.18867924528302	13.20754716981132	0.0
136.0	26.41509433962264	33.9622641509434	16.9811320754717	22.641509433962266	0.0
137.0	33.9622641509434	22.641509433962266	30.18867924528302	13.20754716981132	0.0
138.0	28.30188679245283	16.9811320754717	35.84905660377358	18.867924528301888	0.0
139.0	24.528301886792452	22.641509433962266	35.84905660377358	16.9811320754717	0.0
140.0	33.9622641509434	28.30188679245283	28.30188679245283	9.433962264150944	0.0
141.0	35.84905660377358	20.754716981132077	26.41509433962264	16.9811320754717	0.0
142.0	30.18867924528302	26.41509433962264	24.528301886792452	18.867924528301888	0.0
143.0	32.075471698113205	24.528301886792452	26.41509433962264	16.9811320754717	0.0
144.0	22.641509433962266	22.641509433962266	32.075471698113205	22.641509433962266	0.0
145.0	33.9622641509434	28.30188679245283	33.9622641509434	3.7735849056603774	0.0
146.0	22.641509433962266	28.30188679245283	32.075471698113205	16.9811320754717	0.0
