# Position (bp)	A	C	G	T	N
0.0	23.579615315699396	26.79827244249198	28.218379086421123	21.379883470190983	0.023849685196512756
1.0	28.490611503456968	22.547838390578757	25.69123925682898	23.264008600715492	0.006302248419803889
2.0	24.619918812211534	23.484093001414916	26.108052667025028	25.78008860219837	0.00784691715014798
3.0	23.46215870544403	24.406692740674835	27.94132730294661	24.179997157809535	0.009824093124988414
4.0	23.499168968223074	25.7716856043053	25.534548060822875	25.1853911410159	0.009206225632850779
5.0	23.255852749819272	27.89140360958189	24.742565509400855	24.109313116708993	8.650144889926906E-4
6.0	23.48922130159966	26.409201282692912	25.073186404443703	25.026660982285737	0.0017300289779853813
7.0	24.003287055058173	25.779038227461736	24.729775652313606	25.48771370491884	1.8536024764129086E-4
8.0	23.380847343478717	26.34333660803104	25.36488164748188	24.910069386519368	8.650144889926906E-4
9.0	23.75533683046334	25.908543253813786	25.546163969675064	24.7840862048725	0.005869741175307543
10.0	23.93105834522728	25.75117240356633	25.5315205101114	24.778896117938547	0.0073526231564378704
11.0	23.733155387495597	26.02599986406915	25.816419210736065	24.416640407298253	0.007785130400934215
12.0	23.99568728490488	25.801837537921617	25.658121559250404	24.533293789813836	0.011059828109263687
13.0	23.95348693519188	25.87048261629811	25.555061261561846	24.610712586578682	0.01025660036948476
14.0	23.820954358128354	25.978609427422196	25.721514763943727	24.46773804889803	0.011183401607691214
15.0	24.000568438092767	25.996095077449688	25.46979554764685	24.518217823005678	0.015323113805013378
16.0	23.871681279232856	25.876475930971843	25.46040396176636	24.771481708032894	0.019957119996045648
17.0	23.825032283576462	26.1433946875753	25.679129053983086	24.328470716170212	0.023973258694940283
18.0	23.967203593517333	25.97243075250082	25.49858817278047	24.542129294951405	0.01964818624997683
19.0	23.94860578200399	25.773600993530927	25.45336027235599	24.813002403504544	0.01143054860454627
20.0	23.853207041217942	26.041384764623377	25.737085024745593	24.36677850068274	0.0015446687303440905
21.0	24.08830562197631	25.92219812539003	25.55067440236767	24.438018622526215	8.03227739778927E-4
22.0	24.089850290706654	25.798624626962503	25.532261951101965	24.577780249247745	0.0014828819811303269
23.0	23.810079890266735	26.0791982551422	25.881913164902652	24.227202234208853	0.001606455479557854
24.0	24.07316786841894	25.88630002409683	25.467447651176727	24.57209586832008	9.885879874202178E-4
25.0	24.04332486854869	25.782251138420854	25.569025066884155	24.605337139397086	6.178674921376361E-5
26.0	23.809462022774596	25.916328384214722	25.868258293326413	24.40582772618584	1.2357349842752723E-4
27.0	24.042150920313627	25.754632461522302	25.646505650398215	24.55615488702293	5.560807429238725E-4
28.0	24.0828683880455	25.71848721323225	25.526145062929807	24.668730344090406	0.0037689917020395807
29.0	23.890526237743053	25.980277669650963	25.81024053581469	24.31728731456252	0.0016682422287716174
30.0	24.22553399198008	25.66874888011517	25.692104271317973	24.41002922513238	0.0035836314543982893
31.0	24.185249031492706	25.523426445964397	25.708230612862764	24.58309390968013	0.0
32.0	23.840478970879904	25.941475591144723	25.955130462720966	24.262914975254407	0.0
33.0	24.216636700093296	25.773292059784858	25.58323601920332	24.426835220918523	0.0
34.0	24.072117493682306	25.771129523562376	25.566059302921897	24.589890452093645	8.03227739778927E-4
35.0	23.96732716701576	25.947036398573964	25.737085024745593	24.34836604941704	1.8536024764129086E-4
36.0	24.26952615742028	25.683145192681977	25.60356385969465	24.44357942995545	1.8536024764129086E-4
37.0	24.034551150160336	25.719414014470455	25.646320290150577	24.59718128850087	0.0025332567177643083
38.0	23.92129603885151	25.960691270150203	25.772612405543505	24.34472063121343	6.796542413513998E-4
39.0	24.159607530568994	25.609001093625462	25.635692969285806	24.593535870297256	0.0021625362224817267
40.0	24.237458834578337	25.592874752080668	25.642057004454827	24.525632232911327	0.0019771759748404357
41.0	23.95577304491279	25.97607617070443	25.848424746828798	24.219540677306345	1.8536024764129086E-4
42.0	24.197668168084675	25.61011325511131	25.688644213362	24.499311077746267	0.004263285695749689
43.0	24.139465050325306	25.670046401848662	25.673444673055418	24.510309119106317	0.006734755664300234
44.0	23.917156326654183	26.005177729584112	25.717683985492474	24.357139767805396	0.0028421904638331265
45.0	24.1385382490871	25.71570680951763	25.595469795547647	24.54942013135863	8.650144889926906E-4
46.0	24.17727854084413	25.604058153688356	25.704276260913083	24.51278058907487	0.001606455479557854
47.0	24.05778296786471	25.948704640802735	25.771005950063948	24.222012147274896	4.942939937101089E-4
48.0	24.447780928901988	25.46998090789449	25.633654006561752	24.447595568654346	9.885879874202178E-4
49.0	24.256674513583818	25.65231360482431	25.72781701236353	24.361835560745643	0.0013593084827027997
50.0	23.967203593517333	25.850031202308354	25.86696077159292	24.315124778340035	6.796542413513998E-4
51.0	24.14601444574197	25.689262080854142	25.716942544501908	24.446236260171645	0.0015446687303440905
52.0	24.243390362502858	25.595964089541358	25.68252732518984	24.476820701032455	0.001297521733489036
53.0	24.043386655297905	25.743078339419327	25.992573232744505	24.219849611052414	0.001112161485847745
54.0	24.229179410183693	25.671034989836077	25.66380594017807	24.434002483827317	0.0019771759748404357
55.0	24.236593820089343	25.649162480614407	25.775392809258125	24.337553368304636	0.001297521733489036
56.0	24.04147126607228	25.656824037516913	26.112377739469995	24.185681538737203	0.003645418203612053
57.0	24.311664720384066	25.609248240622318	25.70316409942724	24.368323169413088	0.007599770153292926
58.0	24.23424592361922	25.672579658566423	25.68574023614896	24.402120521233016	0.005313660432383671
59.0	24.087378820738103	25.660036948476026	26.01710257218237	24.23523451160664	2.4714699685505446E-4
60.0	24.341569507003527	25.510142294883437	25.648482826373055	24.497766409015924	0.0020389627240541995
61.0	24.262235321013055	25.642427724950107	25.7128646190538	24.380433372258985	0.0020389627240541995
62.0	24.069954957459824	25.746291250378444	25.99708366543711	24.186299406229338	3.707204952825817E-4
63.0	24.405704152687417	25.593801553318873	25.749813095083628	24.248704022935243	0.0019771759748404357
64.0	24.216389553096445	25.648173892626986	25.674124327296767	24.461188653481376	1.2357349842752723E-4
65.0	24.120002224322974	25.76365332690751	26.04422695508721	24.07168498643781	4.325072444963453E-4
66.0	24.39958726451525	25.56451463419155	25.718548999981465	24.316731233819596	6.178674921376362E-4
67.0	24.33211613437382	25.560807429238725	25.80733655860164	24.299739877785807	0.0
68.0	24.06661847300228	25.746661970873724	26.098846441392183	24.087873114731813	0.0
69.0	24.440984386488473	25.670787842839225	25.63736121151458	24.250866559157725	0.0
70.0	24.257663101571236	25.701804790944532	25.654599714545217	24.38315198922439	0.0027804037146193627
71.0	24.098685795844226	25.65126323008767	26.092791339969228	24.155653178619314	0.001606455479557854
72.0	24.390689972628472	25.550983336113735	25.786390850618172	24.268661142931286	0.0032746977083294715
73.0	24.363380229475986	25.537204891039067	25.769461281333605	24.329521090906844	4.325072444963453E-4
74.0	24.129702743949533	25.802949699407463	26.01778222642372	24.049318183222425	2.4714699685505446E-4
75.0	24.39810438253412	25.521943563983267	25.88222209864872	24.197729954833886	0.0
76.0	24.25834275581259	25.50717653092118	25.891366537532363	24.34243452149252	6.796542413513998E-4
77.0	24.14459335051005	25.869617601809114	25.99560078345598	23.988581808745295	0.001606455479557854
78.0	24.4074341816654	25.566924317410887	25.844841115374393	24.17808176858391	0.0027186169654055993
79.0	24.285714285714285	25.579467027501284	25.893961580999335	24.239683157550033	0.0011739482350615086
80.0	24.05296360142604	25.802640765661394	26.063627994340333	24.07903760959425	0.0017300289779853813
81.0	24.504624738178652	25.391573523142224	25.768472693346183	24.32352777623311	0.01180126909982885
82.0	24.262235321013055	25.542889271966736	25.956984065197382	24.218490302569712	0.019401039253121775
83.0	24.02917570297874	25.70860133335805	26.185533250539088	24.052098586937046	0.02459112618707792
84.0	24.512965949322506	25.4915444833701	25.8618942581574	24.11271138791575	0.020883921234252104
85.0	24.24308142875679	25.43692499706513	26.09903180163982	24.20502079124111	0.015940981297151012
86.0	24.243637509499713	25.70860133335805	26.04317658035058	23.992597947444192	0.011986629347470142
87.0	24.434558564570242	25.492285924360665	25.857878119458498	24.203599696009192	0.011677695601401323
88.0	24.20730690096202	25.57205261759563	25.93715051869976	24.272553708131753	0.01093625461083616
89.0	24.302643854998855	25.80029286919127	26.02383732784667	23.864946523568555	0.008279424394644325
90.0	24.684918472384414	25.484191860213656	25.77143845730844	24.051418932695697	0.008032277397789271
91.0	24.58290854943249	25.44798482517439	25.92998325579096	24.03325362842685	0.005869741175307543
92.0	24.73842579720353	25.42759519793385	26.341297645306987	23.492001705314276	6.796542413513998E-4
93.0	25.497352437796188	24.63678659474689	25.681785884199275	24.18388972301	1.8536024764129086E-4
94.0	24.798976811433022	25.042045882839965	26.40926306944213	23.748354927802183	0.0013593084827027997
95.0	23.791543865502604	24.825297966598082	27.958318658980396	23.42409806792835	7.414409905651634E-4
96.0	25.135961741644884	25.487404771172773	25.708848480354902	23.656972325715028	0.010812681112408632
97.0	23.894357016194306	27.988347019098285	24.46458692468813	23.64109313116709	0.011615908852187561
98.0	25.494633820830785	26.036194677689423	23.45777184624985	25.001451988606522	0.009947666623415943
99.0	22.994803734391123	25.66646277039426	22.59065660778389	28.739982823283718	0.008094064147003035
100.0	21.13687618553325	28.27621148368521	26.837754175239574	23.726358845082085	0.022799310459878774
101.0	20.0	36.0	30.0	14.000000000000002	0.0
102.0	20.0	36.0	26.0	18.0	0.0
103.0	16.0	36.0	24.0	24.0	0.0
104.0	30.0	34.0	26.0	10.0	0.0
105.0	22.0	28.000000000000004	32.0	18.0	0.0
106.0	18.0	42.0	28.000000000000004	12.0	0.0
107.0	20.0	38.0	18.0	24.0	0.0
108.0	24.0	20.0	40.0	16.0	0.0
109.0	18.0	32.0	38.0	12.0	0.0
110.0	20.0	24.0	42.0	14.000000000000002	0.0
111.0	24.0	36.0	28.000000000000004	12.0	0.0
112.0	14.000000000000002	48.0	18.0	20.0	0.0
113.0	28.000000000000004	36.0	26.0	10.0	0.0
114.0	26.0	24.0	30.0	20.0	0.0
115.0	22.0	26.0	34.0	18.0	0.0
116.0	18.0	44.0	26.0	12.0	0.0
117.0	18.0	46.0	22.0	14.000000000000002	0.0
118.0	24.0	40.0	28.000000000000004	8.0	0.0
119.0	20.0	38.0	30.0	12.0	0.0
120.0	28.000000000000004	32.0	22.0	18.0	0.0
121.0	22.0	24.0	34.0	20.0	0.0
122.0	14.000000000000002	50.0	24.0	12.0	0.0
123.0	28.000000000000004	34.0	28.000000000000004	10.0	0.0
124.0	14.000000000000002	26.0	40.0	20.0	0.0
125.0	36.0	32.0	22.0	10.0	0.0
126.0	22.0	20.0	40.0	18.0	0.0
127.0	10.0	38.0	38.0	14.000000000000002	0.0
128.0	22.0	34.0	28.000000000000004	16.0	0.0
129.0	16.0	22.0	44.0	18.0	0.0
130.0	18.0	28.000000000000004	38.0	16.0	0.0
131.0	22.0	26.0	30.0	22.0	0.0
132.0	12.0	32.0	34.0	22.0	0.0
133.0	16.0	30.0	36.0	18.0	0.0
134.0	20.0	42.0	28.000000000000004	10.0	0.0
135.0	24.0	32.0	22.0	22.0	0.0
136.0	26.0	26.0	36.0	12.0	0.0
137.0	14.000000000000002	38.0	30.0	18.0	0.0
138.0	22.0	28.000000000000004	40.0	10.0	0.0
139.0	28.000000000000004	26.0	32.0	14.000000000000002	0.0
140.0	14.000000000000002	38.0	36.0	12.0	0.0
141.0	26.0	42.0	20.0	12.0	0.0
142.0	18.0	40.0	16.0	26.0	0.0
143.0	18.0	36.0	36.0	10.0	0.0
144.0	22.0	44.0	18.0	16.0	0.0
145.0	10.0	38.0	34.0	18.0	0.0
146.0	20.0	32.0	32.0	16.0	0.0
